0.000000000000000000e+00
4.868814721703529358e-03
0.000000000000000000e+00
9.028800763189792633e-03
4.126329906284809113e-03
9.114129468798637390e-03
4.286619368940591812e-04
0.000000000000000000e+00
2.641965402290225029e-03
0.000000000000000000e+00
0.000000000000000000e+00
3.600707510486245155e-03
0.000000000000000000e+00
3.168037161231040955e-03
0.000000000000000000e+00
1.061467453837394714e-02
1.177411153912544250e-02
1.517582684755325317e-02
0.000000000000000000e+00
0.000000000000000000e+00
0.000000000000000000e+00
1.079244911670684814e-02
0.000000000000000000e+00
5.185870919376611710e-03
0.000000000000000000e+00
0.000000000000000000e+00
9.880646131932735443e-03
0.000000000000000000e+00
0.000000000000000000e+00
0.000000000000000000e+00
5.821217782795429230e-03
7.218925748020410538e-03
0.000000000000000000e+00
7.060662377625703812e-03
2.392811235040426254e-03
0.000000000000000000e+00
0.000000000000000000e+00
0.000000000000000000e+00
1.311437226831912994e-02
0.000000000000000000e+00
8.066177368164062500e-03
0.000000000000000000e+00
9.161065332591533661e-03
7.694230880588293076e-03
0.000000000000000000e+00
0.000000000000000000e+00
0.000000000000000000e+00
1.001872494816780090e-02
0.000000000000000000e+00
2.109334804117679596e-03
6.472023087553679943e-04
3.807323053479194641e-03
5.711755249649286270e-03
0.000000000000000000e+00
7.132550701498985291e-03
6.955900229513645172e-03
0.000000000000000000e+00
1.404491625726222992e-02
0.000000000000000000e+00
0.000000000000000000e+00
0.000000000000000000e+00
3.359875176101922989e-03
1.188475755043327808e-03
2.076704753562808037e-03
0.000000000000000000e+00
6.788164377212524414e-03
2.230721293017268181e-04
1.108478661626577377e-02
0.000000000000000000e+00
1.123350206762552261e-02
1.635440997779369354e-02
0.000000000000000000e+00
0.000000000000000000e+00
0.000000000000000000e+00
7.452144753187894821e-03
9.634265443310141563e-04
5.666823592036962509e-03
0.000000000000000000e+00
7.052682340145111084e-03
0.000000000000000000e+00
7.956325076520442963e-03
0.000000000000000000e+00
7.691352511756122112e-04
0.000000000000000000e+00
0.000000000000000000e+00
1.972370315343141556e-03
0.000000000000000000e+00
5.732898134738206863e-03
8.902459405362606049e-03
0.000000000000000000e+00
0.000000000000000000e+00
8.670326205901801586e-04
1.186479348689317703e-02
3.909867256879806519e-03
0.000000000000000000e+00
4.749103914946317673e-03
2.609979361295700073e-03
0.000000000000000000e+00
7.233634125441312790e-03
6.319792475551366806e-03
0.000000000000000000e+00
1.697549782693386078e-02
1.106862071901559830e-02
0.000000000000000000e+00
1.165180746465921402e-02
2.021952765062451363e-03
1.075380831025540829e-03
9.260222315788269043e-03
2.834254177287220955e-03
8.371529984287917614e-04
3.351181279867887497e-03
0.000000000000000000e+00
0.000000000000000000e+00
0.000000000000000000e+00
0.000000000000000000e+00
1.029207021929323673e-03
0.000000000000000000e+00
0.000000000000000000e+00
1.977850869297981262e-02
1.006512902677059174e-03
0.000000000000000000e+00
1.570636779069900513e-02
0.000000000000000000e+00
1.545049063861370087e-02
0.000000000000000000e+00
0.000000000000000000e+00
8.159283897839486599e-04
0.000000000000000000e+00
8.927964605391025543e-03
1.302125770598649979e-02
1.030332036316394806e-02
0.000000000000000000e+00
1.105647417716681957e-03
0.000000000000000000e+00
0.000000000000000000e+00
7.172252051532268524e-03
4.361313767731189728e-03
8.437262848019599915e-03
2.188090467825531960e-03
2.084035426378250122e-03
0.000000000000000000e+00
0.000000000000000000e+00
4.035844933241605759e-03
0.000000000000000000e+00
0.000000000000000000e+00
0.000000000000000000e+00
9.814089164137840271e-03
0.000000000000000000e+00
0.000000000000000000e+00
7.635033689439296722e-03
0.000000000000000000e+00
0.000000000000000000e+00
1.168059371411800385e-02
0.000000000000000000e+00
0.000000000000000000e+00
1.791701838374137878e-02
8.388525806367397308e-03
0.000000000000000000e+00
1.610713452100753784e-02
5.807551555335521698e-03
0.000000000000000000e+00
4.466244485229253769e-03
1.806110842153429985e-03
1.150545940618030727e-04
1.182040106505155563e-02
0.000000000000000000e+00
0.000000000000000000e+00
8.652445394545793533e-04
5.326581187546253204e-03
0.000000000000000000e+00
1.880709826946258545e-02
0.000000000000000000e+00
0.000000000000000000e+00
1.075440901331603527e-03
0.000000000000000000e+00
0.000000000000000000e+00
0.000000000000000000e+00
0.000000000000000000e+00
1.076029241085052490e-02
0.000000000000000000e+00
0.000000000000000000e+00
1.373239979147911072e-02
0.000000000000000000e+00
0.000000000000000000e+00
0.000000000000000000e+00
4.308220464736223221e-03
2.204665215685963631e-03
1.131954696029424667e-02
6.245515309274196625e-03
0.000000000000000000e+00
1.011176407337188721e-02
6.684344261884689331e-03
4.136637784540653229e-03
0.000000000000000000e+00
0.000000000000000000e+00
6.919654086232185364e-03
5.786502268165349960e-03
0.000000000000000000e+00
0.000000000000000000e+00
1.361071714200079441e-03
0.000000000000000000e+00
0.000000000000000000e+00
2.330863289535045624e-02
0.000000000000000000e+00
6.228824611753225327e-03
6.816337350755929947e-03
0.000000000000000000e+00
1.337870053248479962e-04
3.381849965080618858e-03
0.000000000000000000e+00
6.084436085075139999e-03
8.649383671581745148e-04
1.235243864357471466e-03
4.844336770474910736e-03
0.000000000000000000e+00
0.000000000000000000e+00
0.000000000000000000e+00
0.000000000000000000e+00
6.485781632363796234e-03
6.937074940651655197e-03
0.000000000000000000e+00
0.000000000000000000e+00
1.124939229339361191e-02
0.000000000000000000e+00
0.000000000000000000e+00
5.198608618229627609e-03
5.975690204650163651e-03
0.000000000000000000e+00
0.000000000000000000e+00
0.000000000000000000e+00
0.000000000000000000e+00
1.178940571844577789e-02
0.000000000000000000e+00
9.679189883172512054e-03
0.000000000000000000e+00
1.156082376837730408e-03
0.000000000000000000e+00
1.393954828381538391e-02
1.298672240227460861e-02
8.442598395049571991e-03
0.000000000000000000e+00
0.000000000000000000e+00
8.066319860517978668e-03
0.000000000000000000e+00
9.729506447911262512e-03
0.000000000000000000e+00
0.000000000000000000e+00
0.000000000000000000e+00
7.478028535842895508e-03
0.000000000000000000e+00
0.000000000000000000e+00
0.000000000000000000e+00
0.000000000000000000e+00
9.487340226769447327e-03
0.000000000000000000e+00
1.203909795731306076e-02
