0.000000000000000000e+00
1.030260231345891953e-03
0.000000000000000000e+00
1.205214485526084900e-02
0.000000000000000000e+00
7.490095216780900955e-03
0.000000000000000000e+00
0.000000000000000000e+00
2.416285453364253044e-03
0.000000000000000000e+00
0.000000000000000000e+00
2.639186801388859749e-03
0.000000000000000000e+00
1.479787169955670834e-03
0.000000000000000000e+00
1.065399404615163803e-02
9.956942871212959290e-03
1.518520712852478027e-02
0.000000000000000000e+00
0.000000000000000000e+00
0.000000000000000000e+00
8.168111555278301239e-03
0.000000000000000000e+00
9.119108319282531738e-03
0.000000000000000000e+00
5.989973215037025511e-05
1.010202895849943161e-02
0.000000000000000000e+00
0.000000000000000000e+00
0.000000000000000000e+00
5.831249058246612549e-03
6.363046355545520782e-03
2.896917983889579773e-03
4.347931127995252609e-03
8.130494505167007446e-03
0.000000000000000000e+00
0.000000000000000000e+00
0.000000000000000000e+00
1.393087860196828842e-02
0.000000000000000000e+00
1.041238661855459213e-02
0.000000000000000000e+00
9.442199021577835083e-03
8.681274950504302979e-03
0.000000000000000000e+00
0.000000000000000000e+00
0.000000000000000000e+00
7.480836007744073868e-03
0.000000000000000000e+00
3.335265908390283585e-03
0.000000000000000000e+00
7.127950433641672134e-03
5.874369759112596512e-03
0.000000000000000000e+00
7.124722935259342194e-03
3.991318400949239731e-03
0.000000000000000000e+00
1.272661425173282623e-02
0.000000000000000000e+00
0.000000000000000000e+00
3.061130875721573830e-03
3.904531709849834442e-03
0.000000000000000000e+00
6.111375987529754639e-04
0.000000000000000000e+00
6.188067607581615448e-03
0.000000000000000000e+00
1.232467498630285263e-02
0.000000000000000000e+00
1.262434944510459900e-02
1.731659471988677979e-02
0.000000000000000000e+00
0.000000000000000000e+00
0.000000000000000000e+00
1.135993096977472305e-02
0.000000000000000000e+00
5.692058708518743515e-03
0.000000000000000000e+00
1.215003058314323425e-02
0.000000000000000000e+00
9.397675283253192902e-03
0.000000000000000000e+00
2.397988922894001007e-03
0.000000000000000000e+00
2.730293432250618935e-03
0.000000000000000000e+00
0.000000000000000000e+00
5.546587519347667694e-03
1.006711460649967194e-02
0.000000000000000000e+00
0.000000000000000000e+00
0.000000000000000000e+00
6.091005168855190277e-03
3.317438531666994095e-03
0.000000000000000000e+00
2.825766336172819138e-03
6.130506284534931183e-03
1.878301496617496014e-03
7.232486736029386520e-03
4.143035970628261566e-03
0.000000000000000000e+00
1.409747637808322906e-02
9.023593738675117493e-03
0.000000000000000000e+00
1.430582720786333084e-02
7.541052531450986862e-03
1.344531425274908543e-03
8.572347462177276611e-03
0.000000000000000000e+00
0.000000000000000000e+00
3.251782851293683052e-03
0.000000000000000000e+00
0.000000000000000000e+00
0.000000000000000000e+00
0.000000000000000000e+00
0.000000000000000000e+00
0.000000000000000000e+00
0.000000000000000000e+00
2.182319946587085724e-02
0.000000000000000000e+00
0.000000000000000000e+00
1.407456211745738983e-02
0.000000000000000000e+00
1.164977159351110458e-02
0.000000000000000000e+00
0.000000000000000000e+00
5.660153925418853760e-03
0.000000000000000000e+00
6.062424276024103165e-03
7.455836981534957886e-03
7.810246665030717850e-03
0.000000000000000000e+00
3.635630011558532715e-03
0.000000000000000000e+00
0.000000000000000000e+00
6.797776557505130768e-03
1.810287591069936752e-03
9.850415401160717010e-03
0.000000000000000000e+00
4.406257532536983490e-03
0.000000000000000000e+00
6.759864278137683868e-03
0.000000000000000000e+00
7.298950804397463799e-04
0.000000000000000000e+00
0.000000000000000000e+00
7.044565398246049881e-03
0.000000000000000000e+00
0.000000000000000000e+00
1.185095869004726410e-02
0.000000000000000000e+00
0.000000000000000000e+00
1.007801853120326996e-02
0.000000000000000000e+00
0.000000000000000000e+00
1.934522204101085663e-02
6.733154878020286560e-03
0.000000000000000000e+00
1.167049538344144821e-02
5.958619061857461929e-03
0.000000000000000000e+00
5.319108720868825912e-03
2.854698803275823593e-03
0.000000000000000000e+00
1.528427749872207642e-02
0.000000000000000000e+00
1.743489701766520739e-04
5.924195516854524612e-03
4.694477654993534088e-03
0.000000000000000000e+00
1.385982707142829895e-02
0.000000000000000000e+00
0.000000000000000000e+00
0.000000000000000000e+00
0.000000000000000000e+00
0.000000000000000000e+00
0.000000000000000000e+00
0.000000000000000000e+00
1.312937866896390915e-02
1.643468975089490414e-03
0.000000000000000000e+00
1.086563989520072937e-02
0.000000000000000000e+00
0.000000000000000000e+00
2.722402103245258331e-03
5.140756256878376007e-03
0.000000000000000000e+00
1.178580708801746368e-02
0.000000000000000000e+00
0.000000000000000000e+00
2.920777769759297371e-03
4.567780066281557083e-03
5.397536791861057281e-03
0.000000000000000000e+00
0.000000000000000000e+00
7.920877076685428619e-03
4.744247999042272568e-03
0.000000000000000000e+00
0.000000000000000000e+00
7.743538590148091316e-04
0.000000000000000000e+00
0.000000000000000000e+00
2.053744532167911530e-02
0.000000000000000000e+00
1.397746265865862370e-03
9.812979958951473236e-03
4.124454790144227445e-05
7.693412713706493378e-03
1.890856889076530933e-03
0.000000000000000000e+00
4.924680572003126144e-03
0.000000000000000000e+00
0.000000000000000000e+00
1.033928431570529938e-02
0.000000000000000000e+00
0.000000000000000000e+00
0.000000000000000000e+00
0.000000000000000000e+00
8.012216538190841675e-03
5.040258634835481644e-03
0.000000000000000000e+00
0.000000000000000000e+00
1.404977403581142426e-02
0.000000000000000000e+00
0.000000000000000000e+00
4.017540719360113144e-03
6.641259416937828064e-03
0.000000000000000000e+00
0.000000000000000000e+00
0.000000000000000000e+00
0.000000000000000000e+00
1.087664347141981125e-02
0.000000000000000000e+00
7.463997229933738708e-03
0.000000000000000000e+00
0.000000000000000000e+00
0.000000000000000000e+00
9.509781375527381897e-03
8.413232862949371338e-03
5.095107946544885635e-03
0.000000000000000000e+00
8.643862092867493629e-04
8.066824637353420258e-03
0.000000000000000000e+00
6.381139624863862991e-03
0.000000000000000000e+00
0.000000000000000000e+00
0.000000000000000000e+00
6.387852132320404053e-03
0.000000000000000000e+00
0.000000000000000000e+00
3.650430589914321899e-03
0.000000000000000000e+00
9.263057261705398560e-03
0.000000000000000000e+00
9.434467181563377380e-03
