5.941241852269740775e-06
0.000000000000000000e+00
0.000000000000000000e+00
0.000000000000000000e+00
5.436140112578868866e-03
0.000000000000000000e+00
0.000000000000000000e+00
0.000000000000000000e+00
3.035970032215118408e-03
1.248081098310649395e-03
1.095476211048662663e-03
0.000000000000000000e+00
0.000000000000000000e+00
0.000000000000000000e+00
8.641643449664115906e-03
0.000000000000000000e+00
7.513024378567934036e-03
0.000000000000000000e+00
2.754902699962258339e-03
2.510392805561423302e-03
8.610401302576065063e-03
1.166628114879131317e-02
0.000000000000000000e+00
1.261509256437420845e-03
0.000000000000000000e+00
8.225324563682079315e-04
0.000000000000000000e+00
0.000000000000000000e+00
1.239998638629913330e-02
0.000000000000000000e+00
0.000000000000000000e+00
0.000000000000000000e+00
0.000000000000000000e+00
0.000000000000000000e+00
0.000000000000000000e+00
1.284633576869964600e-02
2.487966325134038925e-03
1.399057172238826752e-02
0.000000000000000000e+00
0.000000000000000000e+00
1.104132831096649170e-02
8.651400916278362274e-03
2.993969013914465904e-03
0.000000000000000000e+00
7.418247405439615250e-03
0.000000000000000000e+00
0.000000000000000000e+00
2.085794694721698761e-03
4.495544359087944031e-03
5.783581174910068512e-03
1.601355150341987610e-02
1.439856085926294327e-02
5.102931172586977482e-04
0.000000000000000000e+00
0.000000000000000000e+00
6.939590093679726124e-04
4.221357405185699463e-03
6.753948982805013657e-03
0.000000000000000000e+00
2.202514791861176491e-03
0.000000000000000000e+00
0.000000000000000000e+00
2.393246395513415337e-03
3.441868349909782410e-03
0.000000000000000000e+00
0.000000000000000000e+00
2.219993434846401215e-02
6.228765938431024551e-03
0.000000000000000000e+00
0.000000000000000000e+00
4.513192456215620041e-03
0.000000000000000000e+00
5.204572342336177826e-03
0.000000000000000000e+00
0.000000000000000000e+00
1.722371019423007965e-02
0.000000000000000000e+00
5.525037646293640137e-03
0.000000000000000000e+00
0.000000000000000000e+00
0.000000000000000000e+00
2.128150314092636108e-02
8.201653137803077698e-03
0.000000000000000000e+00
4.379870370030403137e-03
3.623695345595479012e-03
1.266310643404722214e-02
1.989649981260299683e-02
0.000000000000000000e+00
0.000000000000000000e+00
1.172342710196971893e-02
1.613535336218774319e-03
0.000000000000000000e+00
0.000000000000000000e+00
1.635253662243485451e-03
0.000000000000000000e+00
0.000000000000000000e+00
0.000000000000000000e+00
0.000000000000000000e+00
2.015197463333606720e-02
0.000000000000000000e+00
0.000000000000000000e+00
3.181838663294911385e-03
0.000000000000000000e+00
0.000000000000000000e+00
1.867003156803548336e-03
1.352932676672935486e-02
1.537227351218461990e-02
8.950465358793735504e-03
3.694909100886434317e-04
4.884523339569568634e-03
0.000000000000000000e+00
0.000000000000000000e+00
0.000000000000000000e+00
3.080258145928382874e-03
2.160002943128347397e-03
0.000000000000000000e+00
0.000000000000000000e+00
2.813093364238739014e-02
8.453690446913242340e-03
0.000000000000000000e+00
7.230394985526800156e-03
0.000000000000000000e+00
1.026924978941679001e-02
0.000000000000000000e+00
0.000000000000000000e+00
0.000000000000000000e+00
3.696371102705597878e-03
0.000000000000000000e+00
0.000000000000000000e+00
4.378220066428184509e-03
0.000000000000000000e+00
1.639149151742458344e-03
0.000000000000000000e+00
0.000000000000000000e+00
1.568181999027729034e-02
0.000000000000000000e+00
7.305283797904849052e-04
6.859456188976764679e-03
0.000000000000000000e+00
0.000000000000000000e+00
0.000000000000000000e+00
0.000000000000000000e+00
2.359583275392651558e-03
0.000000000000000000e+00
0.000000000000000000e+00
0.000000000000000000e+00
8.608619682490825653e-03
6.583953741937875748e-03
2.988813444972038269e-03
0.000000000000000000e+00
1.292023262067232281e-05
1.473447191528975964e-04
4.443684127181768417e-03
0.000000000000000000e+00
0.000000000000000000e+00
5.859436001628637314e-03
0.000000000000000000e+00
0.000000000000000000e+00
7.275211624801158905e-03
0.000000000000000000e+00
0.000000000000000000e+00
1.232844218611717224e-02
0.000000000000000000e+00
2.229929342865943909e-02
0.000000000000000000e+00
4.480360657908022404e-04
1.168085169047117233e-02
0.000000000000000000e+00
1.266574393957853317e-02
4.147286526858806610e-03
0.000000000000000000e+00
3.784056752920150757e-03
0.000000000000000000e+00
0.000000000000000000e+00
0.000000000000000000e+00
5.854035262018442154e-03
2.680753357708454132e-03
0.000000000000000000e+00
6.900044623762369156e-03
9.714908897876739502e-03
1.935220137238502502e-02
7.411585189402103424e-03
4.351468756794929504e-03
0.000000000000000000e+00
0.000000000000000000e+00
0.000000000000000000e+00
0.000000000000000000e+00
0.000000000000000000e+00
0.000000000000000000e+00
1.631581410765647888e-02
0.000000000000000000e+00
1.708244788460433483e-03
7.362592034041881561e-03
6.751280277967453003e-03
0.000000000000000000e+00
2.941659651696681976e-03
5.965522024780511856e-03
1.704682945273816586e-03
0.000000000000000000e+00
0.000000000000000000e+00
0.000000000000000000e+00
0.000000000000000000e+00
0.000000000000000000e+00
0.000000000000000000e+00
1.074732281267642975e-02
1.523887459188699722e-02
0.000000000000000000e+00
0.000000000000000000e+00
0.000000000000000000e+00
0.000000000000000000e+00
0.000000000000000000e+00
0.000000000000000000e+00
0.000000000000000000e+00
0.000000000000000000e+00
0.000000000000000000e+00
3.178860759362578392e-03
2.462017117068171501e-03
0.000000000000000000e+00
0.000000000000000000e+00
5.448756855912506580e-04
1.903610303997993469e-02
4.892469849437475204e-03
2.830914920195937157e-03
9.406988508999347687e-03
4.235506989061832428e-03
0.000000000000000000e+00
0.000000000000000000e+00
0.000000000000000000e+00
9.041014127433300018e-03
3.256962401792407036e-03
1.043508201837539673e-02
0.000000000000000000e+00
7.477918639779090881e-03
0.000000000000000000e+00
2.516821585595607758e-02
7.094231550581753254e-04
4.597499966621398926e-03
9.881917387247085571e-03
3.253729781135916710e-03
6.781728938221931458e-03
5.070849438197910786e-04
0.000000000000000000e+00
9.038980118930339813e-03
0.000000000000000000e+00
1.241841819137334824e-02
0.000000000000000000e+00
5.781752057373523712e-03
1.157928071916103363e-02
0.000000000000000000e+00
6.171082612127065659e-03
0.000000000000000000e+00
0.000000000000000000e+00
0.000000000000000000e+00
0.000000000000000000e+00
3.018090268597006798e-03
