0.000000000000000000e+00
7.553031668066978455e-03
0.000000000000000000e+00
4.837295971810817719e-03
6.758894305676221848e-03
0.000000000000000000e+00
0.000000000000000000e+00
0.000000000000000000e+00
0.000000000000000000e+00
0.000000000000000000e+00
0.000000000000000000e+00
0.000000000000000000e+00
2.881417283788323402e-03
6.476507056504487991e-03
0.000000000000000000e+00
0.000000000000000000e+00
8.662671316415071487e-04
3.989350050687789917e-03
1.927863457240164280e-03
1.389740314334630966e-02
0.000000000000000000e+00
1.387246535159647465e-03
8.846726268529891968e-03
6.819379981607198715e-03
0.000000000000000000e+00
0.000000000000000000e+00
7.833966054022312164e-03
0.000000000000000000e+00
0.000000000000000000e+00
0.000000000000000000e+00
9.612951427698135376e-03
0.000000000000000000e+00
1.332180947065353394e-02
1.091171614825725555e-02
2.070323796942830086e-03
1.039692293852567673e-02
0.000000000000000000e+00
0.000000000000000000e+00
0.000000000000000000e+00
0.000000000000000000e+00
4.793674219399690628e-03
0.000000000000000000e+00
1.290653739124536514e-02
0.000000000000000000e+00
7.525400258600711823e-03
7.097942288964986801e-03
9.734462946653366089e-03
8.046086877584457397e-03
0.000000000000000000e+00
0.000000000000000000e+00
2.546791511122137308e-04
0.000000000000000000e+00
4.670879803597927094e-03
0.000000000000000000e+00
1.257782708853483200e-02
0.000000000000000000e+00
1.565302163362503052e-02
4.095214419066905975e-03
0.000000000000000000e+00
0.000000000000000000e+00
0.000000000000000000e+00
0.000000000000000000e+00
0.000000000000000000e+00
7.205850444734096527e-03
0.000000000000000000e+00
6.377390120178461075e-03
5.248769186437129974e-03
0.000000000000000000e+00
1.326854154467582703e-02
0.000000000000000000e+00
0.000000000000000000e+00
0.000000000000000000e+00
0.000000000000000000e+00
0.000000000000000000e+00
0.000000000000000000e+00
8.567962795495986938e-03
9.980859234929084778e-03
4.379359539598226547e-03
2.770081860944628716e-03
0.000000000000000000e+00
2.067645452916622162e-02
7.403360679745674133e-03
9.140959009528160095e-03
1.016883272677659988e-02
0.000000000000000000e+00
2.271144185215234756e-03
1.867373124696314335e-03
3.956247121095657349e-03
6.512383464723825455e-03
0.000000000000000000e+00
0.000000000000000000e+00
0.000000000000000000e+00
0.000000000000000000e+00
0.000000000000000000e+00
0.000000000000000000e+00
0.000000000000000000e+00
8.308677002787590027e-03
0.000000000000000000e+00
8.905076421797275543e-03
1.432935241609811783e-03
1.368210464715957642e-02
6.430182605981826782e-03
0.000000000000000000e+00
8.837677887640893459e-04
0.000000000000000000e+00
0.000000000000000000e+00
1.250023394823074341e-02
1.519490033388137817e-02
0.000000000000000000e+00
0.000000000000000000e+00
0.000000000000000000e+00
1.838174834847450256e-02
0.000000000000000000e+00
0.000000000000000000e+00
8.658170700073242188e-04
0.000000000000000000e+00
3.103804308921098709e-03
1.260470319539308548e-02
9.180353023111820221e-03
2.502560149878263474e-03
1.827653124928474426e-02
1.913623511791229248e-02
0.000000000000000000e+00
1.233019866049289703e-02
0.000000000000000000e+00
0.000000000000000000e+00
0.000000000000000000e+00
5.211369134485721588e-03
0.000000000000000000e+00
0.000000000000000000e+00
8.195270784199237823e-03
5.457197781652212143e-03
0.000000000000000000e+00
5.880570039153099060e-03
0.000000000000000000e+00
0.000000000000000000e+00
4.658773541450500488e-03
0.000000000000000000e+00
1.811786182224750519e-02
0.000000000000000000e+00
6.359432823956012726e-03
1.123086642473936081e-02
0.000000000000000000e+00
0.000000000000000000e+00
1.702494546771049500e-02
6.232997868210077286e-03
4.233022336848080158e-04
6.976473610848188400e-03
0.000000000000000000e+00
3.251559799537062645e-03
1.402469910681247711e-02
0.000000000000000000e+00
0.000000000000000000e+00
0.000000000000000000e+00
1.732630282640457153e-02
0.000000000000000000e+00
0.000000000000000000e+00
1.423783227801322937e-02
8.704095147550106049e-03
1.827634312212467194e-02
0.000000000000000000e+00
1.490926276892423630e-02
3.826859407126903534e-03
0.000000000000000000e+00
1.703516609268262982e-04
9.274990297853946686e-03
0.000000000000000000e+00
2.525882795453071594e-03
1.266653271159157157e-04
0.000000000000000000e+00
1.870611158665269613e-04
0.000000000000000000e+00
1.426660735160112381e-02
0.000000000000000000e+00
1.875177025794982910e-02
8.360886014997959137e-03
0.000000000000000000e+00
0.000000000000000000e+00
2.659481391310691833e-02
0.000000000000000000e+00
0.000000000000000000e+00
1.330850878730416298e-03
0.000000000000000000e+00
0.000000000000000000e+00
0.000000000000000000e+00
2.875366946682333946e-03
3.481292165815830231e-03
0.000000000000000000e+00
0.000000000000000000e+00
0.000000000000000000e+00
4.496529232710599899e-03
0.000000000000000000e+00
5.664499942213296890e-03
6.099490914493799210e-03
7.867150008678436279e-03
2.162783779203891754e-02
0.000000000000000000e+00
1.218704786151647568e-02
3.255188639741390944e-04
7.719819899648427963e-03
1.006736652925610542e-03
1.764261687640100718e-04
6.374204531311988831e-03
0.000000000000000000e+00
1.033106911927461624e-02
9.673919528722763062e-03
5.230226088315248489e-03
0.000000000000000000e+00
6.971183232963085175e-03
1.463697012513875961e-02
0.000000000000000000e+00
4.615363199263811111e-03
0.000000000000000000e+00
5.001262761652469635e-03
1.031316118314862251e-03
0.000000000000000000e+00
9.050263091921806335e-03
0.000000000000000000e+00
0.000000000000000000e+00
2.035812102258205414e-02
0.000000000000000000e+00
1.652227947488427162e-03
1.828610524535179138e-02
1.301504904404282570e-03
6.548578385263681412e-03
1.943769119679927826e-02
0.000000000000000000e+00
7.248732727020978928e-04
0.000000000000000000e+00
6.968933623284101486e-03
1.224650256335735321e-02
6.893161684274673462e-03
0.000000000000000000e+00
4.991656634956598282e-03
0.000000000000000000e+00
7.737520150840282440e-03
0.000000000000000000e+00
0.000000000000000000e+00
0.000000000000000000e+00
3.524044062942266464e-03
2.348228543996810913e-02
4.209504462778568268e-03
1.065752282738685608e-02
0.000000000000000000e+00
0.000000000000000000e+00
4.212203901261091232e-03
0.000000000000000000e+00
5.453107878565788269e-03
1.874340698122978210e-03
2.918952610343694687e-03
0.000000000000000000e+00
8.802919648587703705e-03
0.000000000000000000e+00
2.844840288162231445e-03
0.000000000000000000e+00
0.000000000000000000e+00
