0.000000000000000000e+00
6.090922281146049500e-03
0.000000000000000000e+00
3.331564599648118019e-03
4.637850914150476456e-03
0.000000000000000000e+00
0.000000000000000000e+00
1.140911481343209743e-03
0.000000000000000000e+00
0.000000000000000000e+00
1.504520041635259986e-04
0.000000000000000000e+00
0.000000000000000000e+00
5.628913640975952148e-03
0.000000000000000000e+00
2.539806766435503960e-03
1.438346225768327713e-03
0.000000000000000000e+00
3.479616716504096985e-04
1.504618208855390549e-02
0.000000000000000000e+00
3.065674391109496355e-04
1.019228622317314148e-02
4.690390080213546753e-03
0.000000000000000000e+00
0.000000000000000000e+00
7.858488708734512329e-03
0.000000000000000000e+00
0.000000000000000000e+00
0.000000000000000000e+00
3.157912753522396088e-03
4.069572314620018005e-03
1.194331422448158264e-02
1.048457622528076172e-02
1.151801901869475842e-03
8.788972161710262299e-03
0.000000000000000000e+00
0.000000000000000000e+00
0.000000000000000000e+00
3.488038200885057449e-03
5.511963739991188049e-03
0.000000000000000000e+00
1.218376960605382919e-02
0.000000000000000000e+00
7.483767345547676086e-03
3.865483682602643967e-03
9.405592456459999084e-03
1.205226220190525055e-02
0.000000000000000000e+00
0.000000000000000000e+00
0.000000000000000000e+00
0.000000000000000000e+00
7.873592898249626160e-03
0.000000000000000000e+00
1.467840652912855148e-02
0.000000000000000000e+00
1.276202686131000519e-02
6.622168701142072678e-03
0.000000000000000000e+00
0.000000000000000000e+00
0.000000000000000000e+00
0.000000000000000000e+00
0.000000000000000000e+00
5.095692351460456848e-03
0.000000000000000000e+00
5.336306057870388031e-03
2.023120410740375519e-03
0.000000000000000000e+00
1.495449244976043701e-02
0.000000000000000000e+00
0.000000000000000000e+00
0.000000000000000000e+00
0.000000000000000000e+00
0.000000000000000000e+00
0.000000000000000000e+00
3.818493569269776344e-03
9.111622348427772522e-03
4.084161017090082169e-03
0.000000000000000000e+00
0.000000000000000000e+00
2.366537041962146759e-02
6.451541092246770859e-03
1.113607175648212433e-02
5.109637044370174408e-03
0.000000000000000000e+00
0.000000000000000000e+00
2.794909989461302757e-03
1.598730799742043018e-03
5.875801667571067810e-03
0.000000000000000000e+00
0.000000000000000000e+00
0.000000000000000000e+00
0.000000000000000000e+00
0.000000000000000000e+00
0.000000000000000000e+00
0.000000000000000000e+00
1.175029110163450241e-02
0.000000000000000000e+00
1.086521241813898087e-02
3.061709692701697350e-03
1.483517233282327652e-02
7.178671192377805710e-03
0.000000000000000000e+00
0.000000000000000000e+00
0.000000000000000000e+00
0.000000000000000000e+00
1.444397959858179092e-02
1.435858383774757385e-02
0.000000000000000000e+00
0.000000000000000000e+00
7.380863535217940807e-04
1.909288205206394196e-02
0.000000000000000000e+00
0.000000000000000000e+00
0.000000000000000000e+00
0.000000000000000000e+00
4.047600959893316031e-04
1.253782305866479874e-02
8.604911155998706818e-03
5.193404387682676315e-03
1.648684777319431305e-02
1.667860336601734161e-02
0.000000000000000000e+00
1.298979390412569046e-02
0.000000000000000000e+00
0.000000000000000000e+00
0.000000000000000000e+00
5.022067110985517502e-03
0.000000000000000000e+00
0.000000000000000000e+00
1.195533573627471924e-02
5.371282808482646942e-03
0.000000000000000000e+00
9.280458092689514160e-03
0.000000000000000000e+00
0.000000000000000000e+00
6.194990593940019608e-03
0.000000000000000000e+00
1.970467157661914825e-02
0.000000000000000000e+00
1.005951315164566040e-02
9.281833656132221222e-03
0.000000000000000000e+00
7.279452984221279621e-04
1.812387071549892426e-02
4.543309099972248077e-03
0.000000000000000000e+00
4.327084461692720652e-04
1.255220966413617134e-03
6.878600455820560455e-03
1.646602340042591095e-02
0.000000000000000000e+00
0.000000000000000000e+00
0.000000000000000000e+00
1.735070347785949707e-02
0.000000000000000000e+00
0.000000000000000000e+00
1.745572499930858612e-02
1.074250880628824234e-02
1.926295273005962372e-02
0.000000000000000000e+00
1.299177110195159912e-02
1.641282578930258751e-03
0.000000000000000000e+00
1.941308844834566116e-03
9.347923099994659424e-03
0.000000000000000000e+00
0.000000000000000000e+00
0.000000000000000000e+00
0.000000000000000000e+00
0.000000000000000000e+00
0.000000000000000000e+00
1.156113948673009872e-02
0.000000000000000000e+00
1.541265845298767090e-02
7.033701054751873016e-03
0.000000000000000000e+00
0.000000000000000000e+00
2.389892004430294037e-02
0.000000000000000000e+00
0.000000000000000000e+00
3.294018097221851349e-03
0.000000000000000000e+00
0.000000000000000000e+00
0.000000000000000000e+00
4.807380959391593933e-03
2.072338713333010674e-03
0.000000000000000000e+00
0.000000000000000000e+00
0.000000000000000000e+00
4.292144440114498138e-03
0.000000000000000000e+00
3.361785551533102989e-03
1.162359374575316906e-03
6.691514048725366592e-03
1.951188035309314728e-02
0.000000000000000000e+00
1.196264848113059998e-02
7.425610441714525223e-03
8.104980923235416412e-03
3.506590379402041435e-03
2.850103890523314476e-03
4.092833492904901505e-03
0.000000000000000000e+00
1.294287014752626419e-02
2.830453915521502495e-03
4.525969270616769791e-03
0.000000000000000000e+00
4.698028787970542908e-03
1.173879113048315048e-02
0.000000000000000000e+00
4.253188148140907288e-03
0.000000000000000000e+00
4.684856627136468887e-03
0.000000000000000000e+00
0.000000000000000000e+00
7.198571227490901947e-03
0.000000000000000000e+00
0.000000000000000000e+00
1.708974316716194153e-02
0.000000000000000000e+00
2.752551576122641563e-03
1.661688089370727539e-02
0.000000000000000000e+00
4.199553746730089188e-03
2.228228375315666199e-02
0.000000000000000000e+00
4.078850150108337402e-03
0.000000000000000000e+00
7.488103117793798447e-03
1.100756414234638214e-02
5.501354113221168518e-03
2.711162669584155083e-04
8.337676525115966797e-03
0.000000000000000000e+00
8.056294173002243042e-03
0.000000000000000000e+00
0.000000000000000000e+00
0.000000000000000000e+00
4.324045032262802124e-03
1.998886093497276306e-02
2.688348758965730667e-03
1.012481655925512314e-02
0.000000000000000000e+00
0.000000000000000000e+00
6.499310489743947983e-03
0.000000000000000000e+00
2.648515161126852036e-03
0.000000000000000000e+00
4.083317238837480545e-03
0.000000000000000000e+00
4.399924539029598236e-03
0.000000000000000000e+00
1.252982998266816139e-03
0.000000000000000000e+00
1.951490528881549835e-03
