0.000000000000000000e+00
0.000000000000000000e+00
4.990046843886375427e-03
0.000000000000000000e+00
1.593855023384094238e-02
0.000000000000000000e+00
0.000000000000000000e+00
0.000000000000000000e+00
3.041227173525840044e-04
4.866609349846839905e-03
8.752386085689067841e-03
1.619089022278785706e-02
5.182924680411815643e-03
9.483889676630496979e-03
2.331463387235999107e-03
1.216922234743833542e-02
8.706049062311649323e-03
0.000000000000000000e+00
0.000000000000000000e+00
3.168697701767086983e-03
8.227246813476085663e-03
0.000000000000000000e+00
8.425744250416755676e-03
0.000000000000000000e+00
0.000000000000000000e+00
0.000000000000000000e+00
0.000000000000000000e+00
1.732951588928699493e-02
0.000000000000000000e+00
3.220883663743734360e-03
5.260695470497012138e-04
0.000000000000000000e+00
1.561004610266536474e-04
8.225938072428107262e-04
0.000000000000000000e+00
1.824615336954593658e-02
0.000000000000000000e+00
3.408911870792508125e-03
1.345379045233130455e-03
0.000000000000000000e+00
4.047089256346225739e-03
0.000000000000000000e+00
9.388445876538753510e-03
1.125610712915658951e-02
0.000000000000000000e+00
0.000000000000000000e+00
2.199676353484392166e-03
1.119381934404373169e-02
2.182207070291042328e-02
0.000000000000000000e+00
0.000000000000000000e+00
0.000000000000000000e+00
0.000000000000000000e+00
2.167669823393225670e-03
1.423593889921903610e-02
0.000000000000000000e+00
0.000000000000000000e+00
0.000000000000000000e+00
0.000000000000000000e+00
4.277132393326610327e-04
6.145339924842119217e-03
0.000000000000000000e+00
4.990614019334316254e-03
9.962836280465126038e-03
6.136019714176654816e-03
0.000000000000000000e+00
0.000000000000000000e+00
0.000000000000000000e+00
0.000000000000000000e+00
1.879652263596653938e-03
0.000000000000000000e+00
0.000000000000000000e+00
0.000000000000000000e+00
1.207138528116047382e-03
2.288698684424161911e-03
0.000000000000000000e+00
0.000000000000000000e+00
8.083743974566459656e-03
0.000000000000000000e+00
0.000000000000000000e+00
0.000000000000000000e+00
0.000000000000000000e+00
9.997356683015823364e-04
0.000000000000000000e+00
4.466387908905744553e-03
8.975292439572513103e-04
1.835391274653375149e-03
2.650158712640404701e-03
4.272017627954483032e-03
0.000000000000000000e+00
5.308011313900351524e-04
8.881461806595325470e-03
0.000000000000000000e+00
3.547220723703503609e-03
6.600742693990468979e-03
7.547892164438962936e-03
3.876707050949335098e-03
4.599551670253276825e-03
0.000000000000000000e+00
1.139220967888832092e-02
4.837145563215017319e-03
0.000000000000000000e+00
0.000000000000000000e+00
1.034279470331966877e-03
7.624383084475994110e-03
0.000000000000000000e+00
4.840843379497528076e-03
0.000000000000000000e+00
1.050278730690479279e-02
9.118898771703243256e-03
2.155277505517005920e-02
0.000000000000000000e+00
1.184059306979179382e-02
0.000000000000000000e+00
2.580398926511406898e-03
1.025293581187725067e-02
3.309522755444049835e-03
0.000000000000000000e+00
5.159775726497173309e-03
5.133907310664653778e-03
1.244901306927204132e-02
0.000000000000000000e+00
0.000000000000000000e+00
8.121520280838012695e-03
0.000000000000000000e+00
1.777178049087524414e-02
0.000000000000000000e+00
0.000000000000000000e+00
5.011866334825754166e-03
0.000000000000000000e+00
0.000000000000000000e+00
1.489290036261081696e-03
1.438886043615639210e-03
0.000000000000000000e+00
6.262175738811492920e-03
3.991985693573951721e-03
0.000000000000000000e+00
4.676710814237594604e-03
5.072493571788072586e-03
0.000000000000000000e+00
0.000000000000000000e+00
1.269354298710823059e-02
9.162627160549163818e-03
4.196376539766788483e-03
0.000000000000000000e+00
8.316217921674251556e-03
1.556869316846132278e-02
1.777911907993257046e-03
0.000000000000000000e+00
1.830363832414150238e-02
1.154208183288574219e-02
0.000000000000000000e+00
9.305216954089701176e-04
9.125229902565479279e-03
9.998893365263938904e-03
3.497296711429953575e-03
1.118052750825881958e-03
5.641794763505458832e-03
0.000000000000000000e+00
0.000000000000000000e+00
1.259669777937233448e-03
2.599254075903445482e-04
0.000000000000000000e+00
0.000000000000000000e+00
5.465816240757703781e-03
7.062294520437717438e-03
0.000000000000000000e+00
8.264747448265552521e-03
0.000000000000000000e+00
5.015460774302482605e-03
0.000000000000000000e+00
0.000000000000000000e+00
0.000000000000000000e+00
0.000000000000000000e+00
0.000000000000000000e+00
3.044890007004141808e-03
3.572251647710800171e-03
0.000000000000000000e+00
0.000000000000000000e+00
1.509690750390291214e-02
1.575100701302289963e-03
5.967225879430770874e-03
2.243986586108803749e-03
0.000000000000000000e+00
0.000000000000000000e+00
9.137217421084642410e-04
2.460839459672570229e-05
0.000000000000000000e+00
0.000000000000000000e+00
2.211547223851084709e-03
4.234992433339357376e-03
4.909796640276908875e-03
0.000000000000000000e+00
2.332628332078456879e-02
7.075411849655210972e-04
6.663437467068433762e-03
0.000000000000000000e+00
6.352650001645088196e-03
0.000000000000000000e+00
0.000000000000000000e+00
5.184541922062635422e-03
0.000000000000000000e+00
7.055127061903476715e-03
2.221139380708336830e-03
0.000000000000000000e+00
0.000000000000000000e+00
0.000000000000000000e+00
8.643774315714836121e-03
0.000000000000000000e+00
0.000000000000000000e+00
0.000000000000000000e+00
6.049055140465497971e-03
0.000000000000000000e+00
0.000000000000000000e+00
7.716714870184659958e-03
1.729817129671573639e-02
0.000000000000000000e+00
1.035614218562841415e-02
0.000000000000000000e+00
0.000000000000000000e+00
1.390332449227571487e-02
0.000000000000000000e+00
0.000000000000000000e+00
0.000000000000000000e+00
0.000000000000000000e+00
0.000000000000000000e+00
0.000000000000000000e+00
3.309573978185653687e-03
1.430383231490850449e-02
0.000000000000000000e+00
8.779133670032024384e-03
0.000000000000000000e+00
4.186336009297519922e-04
2.711787587031722069e-03
0.000000000000000000e+00
1.525538694113492966e-02
0.000000000000000000e+00
0.000000000000000000e+00
0.000000000000000000e+00
3.591772168874740601e-03
0.000000000000000000e+00
0.000000000000000000e+00
9.782127104699611664e-03
1.111007528379559517e-03
0.000000000000000000e+00
3.315690904855728149e-03
5.838722456246614456e-03
7.840816862881183624e-03
0.000000000000000000e+00
1.301498804241418839e-02
0.000000000000000000e+00
0.000000000000000000e+00
0.000000000000000000e+00
0.000000000000000000e+00
0.000000000000000000e+00
5.779764149338006973e-03
