0.000000000000000000e+00
0.000000000000000000e+00
5.904664285480976105e-03
0.000000000000000000e+00
1.626903004944324493e-02
0.000000000000000000e+00
1.366617856547236443e-03
0.000000000000000000e+00
0.000000000000000000e+00
7.256745826452970505e-03
7.419471163302659988e-03
1.037396583706140518e-02
3.583403071388602257e-03
1.034028083086013794e-02
0.000000000000000000e+00
8.875275962054729462e-03
1.111577264964580536e-02
0.000000000000000000e+00
0.000000000000000000e+00
9.063270990736782551e-04
3.754440229386091232e-03
0.000000000000000000e+00
7.580986712127923965e-03
0.000000000000000000e+00
3.714512335136532784e-03
0.000000000000000000e+00
0.000000000000000000e+00
1.597215607762336731e-02
0.000000000000000000e+00
2.440639771521091461e-03
2.048936905339360237e-03
0.000000000000000000e+00
0.000000000000000000e+00
0.000000000000000000e+00
0.000000000000000000e+00
2.179434336721897125e-02
0.000000000000000000e+00
3.447533817961812019e-03
3.642067313194274902e-03
0.000000000000000000e+00
5.866602528840303421e-03
0.000000000000000000e+00
4.631836432963609695e-03
1.457680109888315201e-02
0.000000000000000000e+00
0.000000000000000000e+00
5.204132292419672012e-03
6.476073525846004486e-03
2.260166592895984650e-02
0.000000000000000000e+00
0.000000000000000000e+00
1.365787116810679436e-03
0.000000000000000000e+00
7.142820861190557480e-03
1.717206835746765137e-02
0.000000000000000000e+00
0.000000000000000000e+00
0.000000000000000000e+00
0.000000000000000000e+00
9.844257729128003120e-04
5.253644194453954697e-03
0.000000000000000000e+00
3.485311521217226982e-03
7.843926548957824707e-03
8.285628631711006165e-03
0.000000000000000000e+00
0.000000000000000000e+00
0.000000000000000000e+00
0.000000000000000000e+00
1.412029727362096310e-03
0.000000000000000000e+00
0.000000000000000000e+00
0.000000000000000000e+00
3.168225986883044243e-03
4.523172974586486816e-03
0.000000000000000000e+00
1.726153190247714520e-03
7.311838213354349136e-03
0.000000000000000000e+00
0.000000000000000000e+00
0.000000000000000000e+00
0.000000000000000000e+00
7.057446782710030675e-05
0.000000000000000000e+00
7.240357808768749237e-03
0.000000000000000000e+00
1.534716138849034905e-04
3.192276926711201668e-03
2.231082879006862640e-03
0.000000000000000000e+00
0.000000000000000000e+00
4.805631935596466064e-03
0.000000000000000000e+00
0.000000000000000000e+00
6.518735550343990326e-03
5.787741392850875854e-03
0.000000000000000000e+00
4.386257845908403397e-03
0.000000000000000000e+00
1.175893936306238174e-02
0.000000000000000000e+00
0.000000000000000000e+00
0.000000000000000000e+00
2.569673815742135048e-03
1.013290695846080780e-02
0.000000000000000000e+00
3.221121616661548615e-03
0.000000000000000000e+00
6.902232766151428223e-03
7.133276201784610748e-03
2.608036808669567108e-02
0.000000000000000000e+00
1.308242045342922211e-02
0.000000000000000000e+00
1.865893253125250340e-03
9.464811533689498901e-03
3.749339608475565910e-03
0.000000000000000000e+00
1.775766373611986637e-03
5.013489630073308945e-03
1.062710117548704147e-02
0.000000000000000000e+00
0.000000000000000000e+00
7.179442327469587326e-03
0.000000000000000000e+00
1.450999639928340912e-02
0.000000000000000000e+00
0.000000000000000000e+00
9.867005981504917145e-03
0.000000000000000000e+00
0.000000000000000000e+00
0.000000000000000000e+00
2.517653163522481918e-03
0.000000000000000000e+00
8.426302112638950348e-03
6.054771132767200470e-03
9.154774488706607372e-06
8.284995332360267639e-03
7.093783468008041382e-03
0.000000000000000000e+00
0.000000000000000000e+00
1.010082568973302841e-02
1.186872459948062897e-02
2.526658819988369942e-03
0.000000000000000000e+00
8.633563295006752014e-03
1.524213049560785294e-02
6.467284983955323696e-04
0.000000000000000000e+00
1.646165736019611359e-02
1.351696066558361053e-02
0.000000000000000000e+00
4.737404233310371637e-04
5.482295993715524673e-03
6.709081120789051056e-03
4.538175649940967560e-03
1.461774809285998344e-03
6.395254284143447876e-03
0.000000000000000000e+00
0.000000000000000000e+00
0.000000000000000000e+00
3.741135122254490852e-03
0.000000000000000000e+00
0.000000000000000000e+00
6.257970351725816727e-03
8.738414384424686432e-03
0.000000000000000000e+00
1.114874612540006638e-02
0.000000000000000000e+00
7.048001512885093689e-03
0.000000000000000000e+00
0.000000000000000000e+00
0.000000000000000000e+00
0.000000000000000000e+00
0.000000000000000000e+00
1.639841822907328606e-03
4.625567235052585602e-03
0.000000000000000000e+00
0.000000000000000000e+00
1.597576774656772614e-02
2.593665383756160736e-03
4.128849133849143982e-03
2.120323479175567627e-03
0.000000000000000000e+00
0.000000000000000000e+00
0.000000000000000000e+00
1.055064145475625992e-03
0.000000000000000000e+00
0.000000000000000000e+00
2.935612341389060020e-03
1.631008926779031754e-03
1.193623975268565118e-04
0.000000000000000000e+00
2.366873249411582947e-02
2.610748168081045151e-03
3.308294108137488365e-03
0.000000000000000000e+00
4.691748879849910736e-03
0.000000000000000000e+00
0.000000000000000000e+00
8.241094648838043213e-03
0.000000000000000000e+00
8.988820947706699371e-03
2.947758766822516918e-04
0.000000000000000000e+00
0.000000000000000000e+00
1.182556268759071827e-03
9.683955460786819458e-03
0.000000000000000000e+00
0.000000000000000000e+00
0.000000000000000000e+00
5.360516719520092010e-03
0.000000000000000000e+00
0.000000000000000000e+00
6.401007529348134995e-03
1.774783059954643250e-02
0.000000000000000000e+00
8.768703788518905640e-03
0.000000000000000000e+00
0.000000000000000000e+00
1.431398559361696243e-02
0.000000000000000000e+00
1.609435421414673328e-03
0.000000000000000000e+00
0.000000000000000000e+00
0.000000000000000000e+00
0.000000000000000000e+00
7.439452689141035080e-03
1.269248872995376587e-02
0.000000000000000000e+00
9.256121702492237091e-03
0.000000000000000000e+00
5.900968244532123208e-05
5.153356585651636124e-03
0.000000000000000000e+00
1.452307589352130890e-02
0.000000000000000000e+00
0.000000000000000000e+00
0.000000000000000000e+00
2.841896843165159225e-03
0.000000000000000000e+00
2.292277291417121887e-03
1.092452183365821838e-02
0.000000000000000000e+00
4.415529314428567886e-03
1.757362391799688339e-03
6.499403156340122223e-03
8.114726282656192780e-03
0.000000000000000000e+00
9.274262003600597382e-03
0.000000000000000000e+00
0.000000000000000000e+00
0.000000000000000000e+00
0.000000000000000000e+00
0.000000000000000000e+00
8.094033226370811462e-03
