0.000000000000000000e+00
0.000000000000000000e+00
8.810103870928287506e-03
0.000000000000000000e+00
1.672509312629699707e-02
0.000000000000000000e+00
0.000000000000000000e+00
0.000000000000000000e+00
0.000000000000000000e+00
3.623425494879484177e-03
3.239794634282588959e-03
1.116377860307693481e-02
7.388745900243520737e-03
1.080977264791727066e-02
6.690716836601495743e-04
1.171432714909315109e-02
1.404963433742523193e-02
0.000000000000000000e+00
0.000000000000000000e+00
1.776239136233925819e-03
6.812638137489557266e-03
0.000000000000000000e+00
7.913980633020401001e-03
0.000000000000000000e+00
0.000000000000000000e+00
0.000000000000000000e+00
0.000000000000000000e+00
1.757480762898921967e-02
0.000000000000000000e+00
3.039018716663122177e-03
2.010915195569396019e-03
0.000000000000000000e+00
0.000000000000000000e+00
0.000000000000000000e+00
0.000000000000000000e+00
2.258104458451271057e-02
2.107581589370965958e-03
0.000000000000000000e+00
7.996981963515281677e-03
0.000000000000000000e+00
5.388496909290552139e-03
0.000000000000000000e+00
3.960323985666036606e-03
1.283280458301305771e-02
6.944119231775403023e-04
0.000000000000000000e+00
1.846815808676183224e-03
4.570185672491788864e-03
1.963765174150466919e-02
0.000000000000000000e+00
0.000000000000000000e+00
3.969606943428516388e-03
0.000000000000000000e+00
5.419033579528331757e-03
1.276866439729928970e-02
0.000000000000000000e+00
0.000000000000000000e+00
3.241186495870351791e-04
0.000000000000000000e+00
4.578176420181989670e-03
8.547086268663406372e-03
0.000000000000000000e+00
4.771766252815723419e-03
1.020437572151422501e-02
8.299718610942363739e-03
0.000000000000000000e+00
0.000000000000000000e+00
0.000000000000000000e+00
0.000000000000000000e+00
0.000000000000000000e+00
0.000000000000000000e+00
0.000000000000000000e+00
0.000000000000000000e+00
5.248512607067823410e-03
5.203593056648969650e-03
0.000000000000000000e+00
6.032183300703763962e-04
8.718695491552352905e-03
0.000000000000000000e+00
0.000000000000000000e+00
0.000000000000000000e+00
0.000000000000000000e+00
0.000000000000000000e+00
0.000000000000000000e+00
6.805048324167728424e-03
2.390674781054258347e-03
0.000000000000000000e+00
1.222976134158670902e-03
4.093678668141365051e-03
0.000000000000000000e+00
2.820943482220172882e-03
6.646496243774890900e-03
0.000000000000000000e+00
2.123156096786260605e-03
1.016953401267528534e-02
8.951748721301555634e-03
0.000000000000000000e+00
0.000000000000000000e+00
0.000000000000000000e+00
1.276010274887084961e-02
3.615295281633734703e-03
0.000000000000000000e+00
0.000000000000000000e+00
1.616276218555867672e-03
9.898651391267776489e-03
0.000000000000000000e+00
1.467366004362702370e-03
0.000000000000000000e+00
7.959205657243728638e-03
1.085490547120571136e-02
2.197631075978279114e-02
0.000000000000000000e+00
1.177642773836851120e-02
0.000000000000000000e+00
7.291167275980114937e-04
1.037238910794258118e-02
4.376351833343505859e-03
0.000000000000000000e+00
5.213265307247638702e-03
4.411995876580476761e-03
1.011877320706844330e-02
0.000000000000000000e+00
0.000000000000000000e+00
4.139977972954511642e-03
0.000000000000000000e+00
1.558478269726037979e-02
7.882498903200030327e-04
0.000000000000000000e+00
3.408871823921799660e-03
0.000000000000000000e+00
0.000000000000000000e+00
0.000000000000000000e+00
4.473949782550334930e-03
0.000000000000000000e+00
6.645177025347948074e-03
4.423313308507204056e-03
0.000000000000000000e+00
2.919319784268736839e-03
5.061309784650802612e-03
0.000000000000000000e+00
0.000000000000000000e+00
1.058449689298868179e-02
1.210789009928703308e-02
6.069910246878862381e-03
0.000000000000000000e+00
9.243147214874625206e-04
1.404923759400844574e-02
0.000000000000000000e+00
0.000000000000000000e+00
1.732478849589824677e-02
1.020013354718685150e-02
1.582850352860987186e-03
2.973691094666719437e-03
6.660415790975093842e-03
8.855889551341533661e-03
1.232515671290457249e-03
1.974166603758931160e-03
7.035048212856054306e-03
0.000000000000000000e+00
0.000000000000000000e+00
0.000000000000000000e+00
0.000000000000000000e+00
0.000000000000000000e+00
0.000000000000000000e+00
7.091172505170106888e-03
8.681944571435451508e-03
0.000000000000000000e+00
8.631583303213119507e-03
0.000000000000000000e+00
5.819402169436216354e-03
0.000000000000000000e+00
0.000000000000000000e+00
0.000000000000000000e+00
0.000000000000000000e+00
0.000000000000000000e+00
2.242308808490633965e-03
3.367553232237696648e-03
0.000000000000000000e+00
0.000000000000000000e+00
1.247765496373176575e-02
3.011594526469707489e-03
7.952397689223289490e-03
4.524670075625181198e-03
0.000000000000000000e+00
0.000000000000000000e+00
0.000000000000000000e+00
0.000000000000000000e+00
0.000000000000000000e+00
0.000000000000000000e+00
3.890217514708638191e-03
4.960630554705858231e-03
3.162275301292538643e-03
0.000000000000000000e+00
2.390079759061336517e-02
3.586861770600080490e-03
5.211343523114919662e-03
0.000000000000000000e+00
4.837327171117067337e-03
0.000000000000000000e+00
1.693230587989091873e-03
6.420841906219720840e-03
0.000000000000000000e+00
9.469805285334587097e-03
0.000000000000000000e+00
0.000000000000000000e+00
0.000000000000000000e+00
0.000000000000000000e+00
8.172970265150070190e-03
0.000000000000000000e+00
0.000000000000000000e+00
0.000000000000000000e+00
3.353728214278817177e-03
0.000000000000000000e+00
0.000000000000000000e+00
5.959253292530775070e-03
1.634079962968826294e-02
0.000000000000000000e+00
1.074094045907258987e-02
0.000000000000000000e+00
0.000000000000000000e+00
1.388477813452482224e-02
0.000000000000000000e+00
1.710962620563805103e-03
0.000000000000000000e+00
0.000000000000000000e+00
0.000000000000000000e+00
0.000000000000000000e+00
5.198928993195295334e-03
1.244562957435846329e-02
0.000000000000000000e+00
1.061238534748554230e-02
0.000000000000000000e+00
2.030184492468833923e-03
2.471723593771457672e-03
0.000000000000000000e+00
1.176227256655693054e-02
0.000000000000000000e+00
0.000000000000000000e+00
0.000000000000000000e+00
2.225550590083003044e-03
1.361922826617956161e-03
9.950727690011262894e-04
1.465499121695756912e-02
0.000000000000000000e+00
0.000000000000000000e+00
2.071732887998223305e-03
2.456122078001499176e-03
9.128868579864501953e-03
0.000000000000000000e+00
9.576903656125068665e-03
0.000000000000000000e+00
0.000000000000000000e+00
0.000000000000000000e+00
0.000000000000000000e+00
0.000000000000000000e+00
8.908018469810485840e-03
