0.000000000000000000e+00
0.000000000000000000e+00
0.000000000000000000e+00
0.000000000000000000e+00
1.167845632880926132e-02
0.000000000000000000e+00
5.562270060181617737e-03
5.079613532871007919e-03
1.314360997639596462e-03
2.223459072411060333e-03
0.000000000000000000e+00
0.000000000000000000e+00
2.373641589656472206e-03
0.000000000000000000e+00
0.000000000000000000e+00
0.000000000000000000e+00
0.000000000000000000e+00
0.000000000000000000e+00
0.000000000000000000e+00
0.000000000000000000e+00
0.000000000000000000e+00
1.905853860080242157e-02
5.030172178521752357e-04
1.540235243737697601e-02
0.000000000000000000e+00
2.401162637397646904e-03
0.000000000000000000e+00
8.278967812657356262e-03
0.000000000000000000e+00
0.000000000000000000e+00
0.000000000000000000e+00
0.000000000000000000e+00
1.232882868498563766e-02
5.702712573111057281e-03
1.295348349958658218e-02
0.000000000000000000e+00
0.000000000000000000e+00
2.079694531857967377e-03
0.000000000000000000e+00
1.664228970184922218e-03
0.000000000000000000e+00
0.000000000000000000e+00
1.504285144619643688e-03
1.606276200618594885e-04
8.038792759180068970e-03
0.000000000000000000e+00
0.000000000000000000e+00
0.000000000000000000e+00
9.315035305917263031e-03
0.000000000000000000e+00
7.229688111692667007e-03
0.000000000000000000e+00
0.000000000000000000e+00
1.493384130299091339e-02
0.000000000000000000e+00
1.860513002611696720e-03
2.758420305326581001e-03
0.000000000000000000e+00
5.267207976430654526e-03
1.956667285412549973e-03
0.000000000000000000e+00
2.215876244008541107e-03
4.183679993730038404e-04
1.105235423892736435e-02
3.941169474273920059e-03
0.000000000000000000e+00
0.000000000000000000e+00
0.000000000000000000e+00
0.000000000000000000e+00
1.037243846803903580e-02
7.810178678482770920e-03
3.282229881733655930e-03
2.071105845971032977e-04
0.000000000000000000e+00
0.000000000000000000e+00
0.000000000000000000e+00
0.000000000000000000e+00
1.872195862233638763e-04
2.500322880223393440e-03
0.000000000000000000e+00
0.000000000000000000e+00
0.000000000000000000e+00
9.894991293549537659e-03
0.000000000000000000e+00
0.000000000000000000e+00
5.232451483607292175e-03
0.000000000000000000e+00
1.348512130789458752e-03
7.327994098886847496e-04
0.000000000000000000e+00
7.071101106703281403e-03
3.037144197151064873e-03
5.479683168232440948e-03
3.938727080821990967e-03
0.000000000000000000e+00
1.088627614080905914e-02
0.000000000000000000e+00
1.984785869717597961e-02
0.000000000000000000e+00
0.000000000000000000e+00
6.081018596887588501e-03
0.000000000000000000e+00
0.000000000000000000e+00
0.000000000000000000e+00
0.000000000000000000e+00
0.000000000000000000e+00
0.000000000000000000e+00
0.000000000000000000e+00
1.674764417111873627e-02
1.960939541459083557e-02
0.000000000000000000e+00
5.602496210485696793e-03
0.000000000000000000e+00
0.000000000000000000e+00
0.000000000000000000e+00
1.881249947473406792e-03
0.000000000000000000e+00
7.385036442428827286e-03
0.000000000000000000e+00
0.000000000000000000e+00
0.000000000000000000e+00
0.000000000000000000e+00
0.000000000000000000e+00
0.000000000000000000e+00
0.000000000000000000e+00
0.000000000000000000e+00
0.000000000000000000e+00
8.136634714901447296e-04
0.000000000000000000e+00
0.000000000000000000e+00
1.096966327168047428e-03
5.133423022925853729e-03
4.261848982423543930e-03
0.000000000000000000e+00
8.859904482960700989e-03
4.553315229713916779e-03
6.429973989725112915e-03
0.000000000000000000e+00
0.000000000000000000e+00
0.000000000000000000e+00
0.000000000000000000e+00
1.219791825860738754e-03
1.108679920434951782e-02
0.000000000000000000e+00
0.000000000000000000e+00
5.129444180056452751e-04
0.000000000000000000e+00
0.000000000000000000e+00
3.440471831709146500e-03
1.475179381668567657e-02
0.000000000000000000e+00
0.000000000000000000e+00
0.000000000000000000e+00
1.293396297842264175e-02
3.220406360924243927e-04
0.000000000000000000e+00
1.454192912206053734e-03
6.522370036691427231e-03
9.146789088845252991e-03
1.612175372429192066e-03
8.338642306625843048e-03
0.000000000000000000e+00
0.000000000000000000e+00
1.288001239299774170e-02
0.000000000000000000e+00
1.062118913978338242e-02
4.269037395715713501e-03
0.000000000000000000e+00
5.681019974872469902e-04
0.000000000000000000e+00
0.000000000000000000e+00
1.183082349598407745e-02
0.000000000000000000e+00
1.989045739173889160e-02
7.017084863036870956e-03
1.082476880401372910e-02
0.000000000000000000e+00
3.180741565302014351e-03
2.439072122797369957e-03
3.644775599241256714e-03
0.000000000000000000e+00
8.603255264461040497e-03
0.000000000000000000e+00
1.065603271126747131e-02
0.000000000000000000e+00
0.000000000000000000e+00
0.000000000000000000e+00
0.000000000000000000e+00
0.000000000000000000e+00
0.000000000000000000e+00
0.000000000000000000e+00
6.825440097600221634e-03
9.871846996247768402e-03
4.292662255465984344e-03
1.692316681146621704e-02
0.000000000000000000e+00
8.244758355431258678e-04
6.703890860080718994e-03
2.762049436569213867e-03
0.000000000000000000e+00
5.080636590719223022e-03
0.000000000000000000e+00
0.000000000000000000e+00
0.000000000000000000e+00
0.000000000000000000e+00
0.000000000000000000e+00
2.703134377952665091e-04
0.000000000000000000e+00
6.158533971756696701e-03
0.000000000000000000e+00
4.149173037149012089e-04
7.788991555571556091e-03
1.924535725265741348e-03
0.000000000000000000e+00
0.000000000000000000e+00
0.000000000000000000e+00
2.073050243780016899e-03
1.154577080160379410e-02
0.000000000000000000e+00
0.000000000000000000e+00
1.937635475769639015e-03
5.230809096246957779e-03
1.528117246925830841e-02
2.030654577538371086e-03
1.637552282772958279e-03
9.113433770835399628e-03
0.000000000000000000e+00
0.000000000000000000e+00
0.000000000000000000e+00
2.158593013882637024e-02
1.991515979170799255e-03
0.000000000000000000e+00
9.648853912949562073e-03
0.000000000000000000e+00
1.776236575096845627e-03
0.000000000000000000e+00
0.000000000000000000e+00
0.000000000000000000e+00
6.076903082430362701e-03
1.596705056726932526e-02
8.583206683397293091e-03
0.000000000000000000e+00
0.000000000000000000e+00
9.809747338294982910e-03
0.000000000000000000e+00
0.000000000000000000e+00
4.197795875370502472e-03
1.619455870240926743e-03
0.000000000000000000e+00
1.041843462735414505e-02
0.000000000000000000e+00
0.000000000000000000e+00
0.000000000000000000e+00
0.000000000000000000e+00
7.659005466848611832e-03
2.185262506827712059e-03
