0.000000000000000000e+00
0.000000000000000000e+00
0.000000000000000000e+00
0.000000000000000000e+00
8.986947126686573029e-03
0.000000000000000000e+00
5.199456587433815002e-03
1.018973346799612045e-02
3.503140760585665703e-03
4.912565927952528000e-04
0.000000000000000000e+00
0.000000000000000000e+00
2.577950013801455498e-03
3.451662778388708830e-04
2.297990256920456886e-03
0.000000000000000000e+00
0.000000000000000000e+00
0.000000000000000000e+00
0.000000000000000000e+00
1.685620081843808293e-04
0.000000000000000000e+00
1.296845450997352600e-02
0.000000000000000000e+00
1.669743657112121582e-02
0.000000000000000000e+00
1.036822097375988960e-03
0.000000000000000000e+00
6.242226343601942062e-03
0.000000000000000000e+00
0.000000000000000000e+00
0.000000000000000000e+00
0.000000000000000000e+00
1.154555939137935638e-02
2.421031007543206215e-03
9.260196238756179810e-03
0.000000000000000000e+00
0.000000000000000000e+00
3.918356727808713913e-03
0.000000000000000000e+00
1.247425097972154617e-03
0.000000000000000000e+00
0.000000000000000000e+00
5.008712876588106155e-03
1.445275032892823219e-03
3.370851976796984673e-03
0.000000000000000000e+00
0.000000000000000000e+00
0.000000000000000000e+00
9.518713690340518951e-03
0.000000000000000000e+00
4.448241554200649261e-03
0.000000000000000000e+00
0.000000000000000000e+00
1.018384657800197601e-02
0.000000000000000000e+00
0.000000000000000000e+00
1.136615755967795849e-03
0.000000000000000000e+00
3.055212087929248810e-03
7.110908161848783493e-03
0.000000000000000000e+00
2.139914315193891525e-03
0.000000000000000000e+00
1.213049236685037613e-02
4.072226583957672119e-03
4.941465333104133606e-03
0.000000000000000000e+00
0.000000000000000000e+00
0.000000000000000000e+00
1.118316687643527985e-02
7.995737716555595398e-03
8.447193540632724762e-03
1.723518595099449158e-03
0.000000000000000000e+00
0.000000000000000000e+00
0.000000000000000000e+00
0.000000000000000000e+00
0.000000000000000000e+00
5.937463138252496719e-03
0.000000000000000000e+00
0.000000000000000000e+00
0.000000000000000000e+00
8.163333870470523834e-03
1.907768455566838384e-04
0.000000000000000000e+00
1.523599261417984962e-03
0.000000000000000000e+00
0.000000000000000000e+00
2.312269760295748711e-03
0.000000000000000000e+00
1.129870861768722534e-02
2.314464654773473740e-03
8.109238930046558380e-03
2.497385255992412567e-03
0.000000000000000000e+00
1.239302288740873337e-02
0.000000000000000000e+00
1.870371960103511810e-02
0.000000000000000000e+00
0.000000000000000000e+00
1.029293518513441086e-02
1.013162662275135517e-03
0.000000000000000000e+00
0.000000000000000000e+00
0.000000000000000000e+00
0.000000000000000000e+00
1.489509013481438160e-03
0.000000000000000000e+00
1.993067376315593719e-02
1.977250538766384125e-02
0.000000000000000000e+00
2.761232201009988785e-03
0.000000000000000000e+00
0.000000000000000000e+00
0.000000000000000000e+00
2.076961332932114601e-03
0.000000000000000000e+00
5.745898932218551636e-03
0.000000000000000000e+00
0.000000000000000000e+00
0.000000000000000000e+00
0.000000000000000000e+00
0.000000000000000000e+00
0.000000000000000000e+00
0.000000000000000000e+00
0.000000000000000000e+00
0.000000000000000000e+00
3.151055891066789627e-03
0.000000000000000000e+00
0.000000000000000000e+00
0.000000000000000000e+00
3.731665667146444321e-03
6.363216787576675415e-03
1.836139010265469551e-03
1.037900522351264954e-02
3.195883706212043762e-03
4.581373184919357300e-03
2.424489008262753487e-03
4.420159093569964170e-04
1.338076894171535969e-03
0.000000000000000000e+00
4.172640386968851089e-03
1.338661368936300278e-02
3.058838658034801483e-03
1.483895466662943363e-04
4.237312823534011841e-03
8.486959268338978291e-04
0.000000000000000000e+00
5.041809054091572762e-04
1.016628742218017578e-02
0.000000000000000000e+00
0.000000000000000000e+00
0.000000000000000000e+00
1.284946408122777939e-02
0.000000000000000000e+00
0.000000000000000000e+00
1.149013638496398926e-03
6.390822585672140121e-03
1.002269610762596130e-02
0.000000000000000000e+00
1.100759487599134445e-02
0.000000000000000000e+00
0.000000000000000000e+00
1.596436649560928345e-02
0.000000000000000000e+00
8.973925374448299408e-03
4.585008602589368820e-03
0.000000000000000000e+00
9.544103522785007954e-04
0.000000000000000000e+00
0.000000000000000000e+00
1.369049306958913803e-02
0.000000000000000000e+00
1.829672418534755707e-02
5.802602972835302353e-03
7.393591105937957764e-03
1.145916641689836979e-03
1.948594697751104832e-03
2.526412950828671455e-03
5.667801946401596069e-03
0.000000000000000000e+00
1.262521557509899139e-02
0.000000000000000000e+00
8.667401038110256195e-03
4.896110389381647110e-03
0.000000000000000000e+00
0.000000000000000000e+00
2.337592886760830879e-03
0.000000000000000000e+00
0.000000000000000000e+00
0.000000000000000000e+00
3.265734994783997536e-03
1.101375557482242584e-02
6.084541790187358856e-03
1.809427328407764435e-02
0.000000000000000000e+00
3.638773050624877214e-04
4.163926001638174057e-03
3.488909453153610229e-03
0.000000000000000000e+00
7.880286313593387604e-03
0.000000000000000000e+00
2.036688849329948425e-03
3.570126136764883995e-03
0.000000000000000000e+00
0.000000000000000000e+00
1.922321040183305740e-03
0.000000000000000000e+00
8.600701577961444855e-03
0.000000000000000000e+00
2.670726273208856583e-03
2.962461905553936958e-03
8.024821057915687561e-03
0.000000000000000000e+00
0.000000000000000000e+00
0.000000000000000000e+00
0.000000000000000000e+00
1.433548983186483383e-02
0.000000000000000000e+00
0.000000000000000000e+00
0.000000000000000000e+00
5.289972177706658840e-04
1.418461371213197708e-02
2.547593088820576668e-03
0.000000000000000000e+00
8.910407312214374542e-03
0.000000000000000000e+00
0.000000000000000000e+00
0.000000000000000000e+00
2.495917305350303650e-02
0.000000000000000000e+00
0.000000000000000000e+00
7.289169821888208389e-03
0.000000000000000000e+00
3.617756010498851538e-04
0.000000000000000000e+00
0.000000000000000000e+00
0.000000000000000000e+00
8.394170552492141724e-03
1.949782110750675201e-02
7.011408451944589615e-03
0.000000000000000000e+00
8.805432589724659920e-04
6.743018049746751785e-03
7.220500265248119831e-04
0.000000000000000000e+00
5.111366976052522659e-03
0.000000000000000000e+00
3.284427104517817497e-03
9.959984570741653442e-03
0.000000000000000000e+00
0.000000000000000000e+00
0.000000000000000000e+00
0.000000000000000000e+00
6.753638852387666702e-03
0.000000000000000000e+00
