0.000000000000000000e+00
0.000000000000000000e+00
0.000000000000000000e+00
0.000000000000000000e+00
7.472906261682510376e-03
0.000000000000000000e+00
6.349440664052963257e-03
4.388415254652500153e-03
3.988899290561676025e-03
5.605616606771945953e-04
0.000000000000000000e+00
0.000000000000000000e+00
1.373347360640764236e-03
0.000000000000000000e+00
3.206008404958993196e-04
0.000000000000000000e+00
0.000000000000000000e+00
2.558525302447378635e-04
0.000000000000000000e+00
0.000000000000000000e+00
1.344094984233379364e-03
2.072623930871486664e-02
0.000000000000000000e+00
1.450828649103641510e-02
3.607535967603325844e-03
4.587906412780284882e-03
0.000000000000000000e+00
5.078990012407302856e-03
5.480247200466692448e-04
0.000000000000000000e+00
0.000000000000000000e+00
0.000000000000000000e+00
8.341172710061073303e-03
4.240991082042455673e-03
1.417454890906810760e-02
0.000000000000000000e+00
0.000000000000000000e+00
1.426534843631088734e-03
0.000000000000000000e+00
1.664348761551082134e-03
0.000000000000000000e+00
1.152693512267433107e-04
3.653992433100938797e-03
0.000000000000000000e+00
5.440976470708847046e-03
0.000000000000000000e+00
0.000000000000000000e+00
0.000000000000000000e+00
7.023350801318883896e-03
0.000000000000000000e+00
5.393048748373985291e-03
0.000000000000000000e+00
0.000000000000000000e+00
1.295122038573026657e-02
0.000000000000000000e+00
1.614556997083127499e-03
4.465582151169655845e-06
0.000000000000000000e+00
3.173795528709888458e-03
3.164132824167609215e-03
0.000000000000000000e+00
4.592737182974815369e-03
0.000000000000000000e+00
9.379378519952297211e-03
7.511755917221307755e-03
1.028847909765318036e-04
0.000000000000000000e+00
0.000000000000000000e+00
0.000000000000000000e+00
1.041956245899200439e-02
8.595439605414867401e-03
4.813095089048147202e-03
9.805965237319469452e-04
0.000000000000000000e+00
0.000000000000000000e+00
0.000000000000000000e+00
0.000000000000000000e+00
0.000000000000000000e+00
4.069522954523563385e-03
0.000000000000000000e+00
0.000000000000000000e+00
0.000000000000000000e+00
8.215042762458324432e-03
0.000000000000000000e+00
0.000000000000000000e+00
6.946770474314689636e-03
0.000000000000000000e+00
0.000000000000000000e+00
0.000000000000000000e+00
0.000000000000000000e+00
9.233757853507995605e-03
1.778328674845397472e-03
9.494578465819358826e-03
2.039128215983510017e-03
0.000000000000000000e+00
1.553668919950723648e-02
3.227681154385209084e-04
1.705418154597282410e-02
0.000000000000000000e+00
0.000000000000000000e+00
7.910148240625858307e-03
0.000000000000000000e+00
0.000000000000000000e+00
0.000000000000000000e+00
0.000000000000000000e+00
0.000000000000000000e+00
0.000000000000000000e+00
0.000000000000000000e+00
1.976833678781986237e-02
2.534309588372707367e-02
0.000000000000000000e+00
5.844650324434041977e-03
0.000000000000000000e+00
0.000000000000000000e+00
0.000000000000000000e+00
1.373293926008045673e-03
0.000000000000000000e+00
9.299667552113533020e-03
0.000000000000000000e+00
0.000000000000000000e+00
0.000000000000000000e+00
0.000000000000000000e+00
0.000000000000000000e+00
0.000000000000000000e+00
0.000000000000000000e+00
0.000000000000000000e+00
0.000000000000000000e+00
2.364892978221178055e-03
2.091440255753695965e-04
0.000000000000000000e+00
0.000000000000000000e+00
5.458654370158910751e-03
9.088813327252864838e-03
9.278221405111253262e-04
9.823957458138465881e-03
8.705237880349159241e-03
1.118032913655042648e-02
0.000000000000000000e+00
5.231904797255992889e-03
9.789259638637304306e-04
0.000000000000000000e+00
3.948546014726161957e-03
1.262196525931358337e-02
1.279302523471415043e-03
0.000000000000000000e+00
4.415881354361772537e-03
0.000000000000000000e+00
7.263173756655305624e-05
1.737581100314855576e-03
1.110969949513673782e-02
0.000000000000000000e+00
0.000000000000000000e+00
0.000000000000000000e+00
1.151293888688087463e-02
0.000000000000000000e+00
0.000000000000000000e+00
2.474116336088627577e-04
8.441183716058731079e-03
6.808739155530929565e-03
0.000000000000000000e+00
1.168509852141141891e-02
0.000000000000000000e+00
0.000000000000000000e+00
1.462537888437509537e-02
0.000000000000000000e+00
6.355997174978256226e-03
3.336145309731364250e-04
0.000000000000000000e+00
1.564866863191127777e-03
0.000000000000000000e+00
0.000000000000000000e+00
1.651856675744056702e-02
0.000000000000000000e+00
1.776837743818759918e-02
3.691775025799870491e-03
9.301139973104000092e-03
0.000000000000000000e+00
7.158357184380292892e-03
4.055911209434270859e-03
4.297325853258371353e-03
0.000000000000000000e+00
1.338843069970607758e-02
0.000000000000000000e+00
9.321864694356918335e-03
2.136030700057744980e-03
0.000000000000000000e+00
0.000000000000000000e+00
0.000000000000000000e+00
0.000000000000000000e+00
0.000000000000000000e+00
0.000000000000000000e+00
4.893793724477291107e-03
9.495715610682964325e-03
8.582993410527706146e-03
1.581865549087524414e-02
0.000000000000000000e+00
7.259671692736446857e-04
3.703480586409568787e-03
2.215339336544275284e-03
0.000000000000000000e+00
3.768023103475570679e-03
0.000000000000000000e+00
0.000000000000000000e+00
2.331833587959408760e-03
0.000000000000000000e+00
0.000000000000000000e+00
0.000000000000000000e+00
0.000000000000000000e+00
9.112661704421043396e-03
0.000000000000000000e+00
0.000000000000000000e+00
6.623208522796630859e-03
3.331789514049887657e-03
0.000000000000000000e+00
0.000000000000000000e+00
0.000000000000000000e+00
0.000000000000000000e+00
1.508188620209693909e-02
0.000000000000000000e+00
0.000000000000000000e+00
2.026765374466776848e-03
3.241969272494316101e-03
1.717101410031318665e-02
4.762660246342420578e-03
0.000000000000000000e+00
8.398195728659629822e-03
0.000000000000000000e+00
0.000000000000000000e+00
0.000000000000000000e+00
2.159202285110950470e-02
1.663741189986467361e-03
0.000000000000000000e+00
5.751141812652349472e-03
0.000000000000000000e+00
0.000000000000000000e+00
1.362960203550755978e-03
0.000000000000000000e+00
0.000000000000000000e+00
8.831311948597431183e-03
1.367204077541828156e-02
9.510848671197891235e-03
5.956661698292009532e-05
0.000000000000000000e+00
7.036816794425249100e-03
0.000000000000000000e+00
0.000000000000000000e+00
6.999092642217874527e-03
0.000000000000000000e+00
3.462438005954027176e-03
8.767501451075077057e-03
0.000000000000000000e+00
0.000000000000000000e+00
0.000000000000000000e+00
0.000000000000000000e+00
1.051163859665393829e-02
9.194462909363210201e-04
