0.000000000000000000e+00
0.000000000000000000e+00
6.788649130612611771e-03
0.000000000000000000e+00
1.345025189220905304e-02
0.000000000000000000e+00
1.091974321752786636e-03
0.000000000000000000e+00
0.000000000000000000e+00
4.861307330429553986e-03
6.749224849045276642e-03
1.049960870295763016e-02
9.755943901836872101e-03
1.075966563075780869e-02
0.000000000000000000e+00
4.319991916418075562e-03
7.272223476320505142e-03
0.000000000000000000e+00
0.000000000000000000e+00
1.125787151977419853e-03
7.022402132861316204e-04
0.000000000000000000e+00
6.991739850491285324e-03
0.000000000000000000e+00
0.000000000000000000e+00
0.000000000000000000e+00
0.000000000000000000e+00
1.548573188483715057e-02
0.000000000000000000e+00
5.180149339139461517e-03
3.123918548226356506e-03
0.000000000000000000e+00
0.000000000000000000e+00
0.000000000000000000e+00
0.000000000000000000e+00
1.818531006574630737e-02
4.410226363688707352e-03
2.430775202810764313e-03
5.189266987144947052e-03
0.000000000000000000e+00
4.644162021577358246e-03
0.000000000000000000e+00
6.057927850633859634e-03
1.320025231689214706e-02
1.338586094789206982e-03
0.000000000000000000e+00
0.000000000000000000e+00
1.081681903451681137e-02
2.108774334192276001e-02
0.000000000000000000e+00
0.000000000000000000e+00
3.934378328267484903e-04
0.000000000000000000e+00
4.484083503484725952e-03
1.883225888013839722e-02
0.000000000000000000e+00
0.000000000000000000e+00
0.000000000000000000e+00
0.000000000000000000e+00
0.000000000000000000e+00
7.647962775081396103e-03
0.000000000000000000e+00
4.083791747689247131e-03
1.041503623127937317e-02
7.798409089446067810e-03
0.000000000000000000e+00
0.000000000000000000e+00
0.000000000000000000e+00
0.000000000000000000e+00
7.835524738766252995e-04
0.000000000000000000e+00
2.033210825175046921e-03
2.395616145804524422e-03
3.534917486831545830e-03
3.575606970116496086e-03
0.000000000000000000e+00
0.000000000000000000e+00
6.311181467026472092e-03
0.000000000000000000e+00
0.000000000000000000e+00
0.000000000000000000e+00
0.000000000000000000e+00
0.000000000000000000e+00
0.000000000000000000e+00
6.139102391898632050e-03
5.549510824494063854e-04
0.000000000000000000e+00
5.108905024826526642e-04
2.879620995372533798e-03
0.000000000000000000e+00
0.000000000000000000e+00
8.127812296152114868e-03
1.367457793094217777e-03
5.770447314716875553e-04
7.038911338895559311e-03
1.049986388534307480e-02
0.000000000000000000e+00
1.491795410402119160e-03
0.000000000000000000e+00
9.341358207166194916e-03
4.160209093242883682e-03
0.000000000000000000e+00
0.000000000000000000e+00
4.026275593787431717e-03
1.206291466951370239e-02
0.000000000000000000e+00
5.241236649453639984e-04
0.000000000000000000e+00
4.815729334950447083e-03
6.166410632431507111e-03
2.204318717122077942e-02
0.000000000000000000e+00
1.408557873219251633e-02
0.000000000000000000e+00
4.610606003552675247e-03
9.832845069468021393e-03
5.826266948133707047e-03
0.000000000000000000e+00
5.257040727883577347e-03
5.463879555463790894e-03
8.924229070544242859e-03
3.031330415979027748e-03
0.000000000000000000e+00
5.605154205113649368e-03
0.000000000000000000e+00
1.267027389258146286e-02
3.470672294497489929e-03
0.000000000000000000e+00
5.944145843386650085e-03
0.000000000000000000e+00
0.000000000000000000e+00
2.005174988880753517e-03
5.535175092518329620e-03
0.000000000000000000e+00
9.799435734748840332e-03
3.954924177378416061e-03
0.000000000000000000e+00
7.900751195847988129e-03
2.511552302166819572e-03
0.000000000000000000e+00
0.000000000000000000e+00
1.296743657439947128e-02
9.438627399504184723e-03
4.282235633581876755e-03
2.122571226209402084e-03
5.394284147769212723e-03
1.154729165136814117e-02
0.000000000000000000e+00
8.474410860799252987e-04
2.102233655750751495e-02
1.376542169600725174e-02
3.639532078523188829e-04
6.213817279785871506e-03
9.012029506266117096e-03
9.561564773321151733e-03
3.444025991484522820e-03
9.535793797113001347e-04
7.609337102621793747e-03
0.000000000000000000e+00
0.000000000000000000e+00
2.954143099486827850e-03
2.889292081817984581e-04
0.000000000000000000e+00
0.000000000000000000e+00
6.434238050132989883e-03
1.214626058936119080e-02
0.000000000000000000e+00
6.443602964282035828e-03
0.000000000000000000e+00
7.537872064858675003e-03
0.000000000000000000e+00
0.000000000000000000e+00
0.000000000000000000e+00
0.000000000000000000e+00
0.000000000000000000e+00
3.804979845881462097e-03
4.311120137572288513e-03
0.000000000000000000e+00
3.004227066412568092e-03
1.445181295275688171e-02
0.000000000000000000e+00
7.094020023941993713e-03
5.362328141927719116e-03
0.000000000000000000e+00
0.000000000000000000e+00
0.000000000000000000e+00
0.000000000000000000e+00
0.000000000000000000e+00
0.000000000000000000e+00
1.810695393942296505e-03
1.754400902427732944e-03
1.471756608225405216e-03
0.000000000000000000e+00
2.473331615328788757e-02
2.711823210120201111e-03
3.335333662107586861e-03
0.000000000000000000e+00
3.772322088479995728e-03
0.000000000000000000e+00
3.715037135407328606e-03
5.918038543313741684e-03
0.000000000000000000e+00
6.362270098179578781e-03
2.093138638883829117e-03
0.000000000000000000e+00
0.000000000000000000e+00
0.000000000000000000e+00
9.216704405844211578e-03
0.000000000000000000e+00
2.323728258488699794e-04
0.000000000000000000e+00
5.270101595669984818e-03
0.000000000000000000e+00
0.000000000000000000e+00
8.680555969476699829e-03
2.100208774209022522e-02
0.000000000000000000e+00
1.058745291084051132e-02
0.000000000000000000e+00
0.000000000000000000e+00
1.445913501083850861e-02
0.000000000000000000e+00
8.673468837514519691e-04
0.000000000000000000e+00
0.000000000000000000e+00
0.000000000000000000e+00
0.000000000000000000e+00
5.721995607018470764e-03
1.239495538175106049e-02
0.000000000000000000e+00
8.166925981640815735e-03
0.000000000000000000e+00
0.000000000000000000e+00
3.501503029838204384e-03
0.000000000000000000e+00
1.548809371888637543e-02
0.000000000000000000e+00
0.000000000000000000e+00
0.000000000000000000e+00
2.284000860527157784e-03
0.000000000000000000e+00
5.016303155571222305e-03
1.164890266954898834e-02
2.227956138085573912e-04
0.000000000000000000e+00
0.000000000000000000e+00
3.590845037251710892e-03
6.209634244441986084e-03
0.000000000000000000e+00
1.374864857643842697e-02
5.806813715025782585e-04
0.000000000000000000e+00
0.000000000000000000e+00
0.000000000000000000e+00
0.000000000000000000e+00
3.422307549044489861e-03
