0.000000000000000000e+00
9.633461595512926579e-04
0.000000000000000000e+00
0.000000000000000000e+00
6.976366974413394928e-03
0.000000000000000000e+00
6.661021616309881210e-03
1.039410568773746490e-02
0.000000000000000000e+00
9.676385088823735714e-04
0.000000000000000000e+00
0.000000000000000000e+00
0.000000000000000000e+00
4.261856083758175373e-04
2.364180050790309906e-03
0.000000000000000000e+00
0.000000000000000000e+00
0.000000000000000000e+00
1.155246631242334843e-03
0.000000000000000000e+00
0.000000000000000000e+00
1.973332278430461884e-02
1.579335890710353851e-03
1.321871951222419739e-02
4.871840123087167740e-03
1.536301453597843647e-03
0.000000000000000000e+00
7.508388720452785492e-03
8.939680992625653744e-04
0.000000000000000000e+00
0.000000000000000000e+00
0.000000000000000000e+00
1.036004908382892609e-02
2.840587694663554430e-04
1.444631442427635193e-02
0.000000000000000000e+00
0.000000000000000000e+00
5.752083845436573029e-03
0.000000000000000000e+00
0.000000000000000000e+00
0.000000000000000000e+00
0.000000000000000000e+00
6.581436377018690109e-03
0.000000000000000000e+00
3.674091305583715439e-03
0.000000000000000000e+00
0.000000000000000000e+00
0.000000000000000000e+00
1.309139467775821686e-02
0.000000000000000000e+00
5.304583348333835602e-03
0.000000000000000000e+00
0.000000000000000000e+00
1.135564409196376801e-02
0.000000000000000000e+00
3.851053304970264435e-03
0.000000000000000000e+00
0.000000000000000000e+00
3.306204685941338539e-03
2.579837106168270111e-03
0.000000000000000000e+00
0.000000000000000000e+00
0.000000000000000000e+00
1.156104728579521179e-02
3.037240589037537575e-03
8.260296308435499668e-04
0.000000000000000000e+00
0.000000000000000000e+00
0.000000000000000000e+00
1.132355816662311554e-02
9.234949015080928802e-03
7.644121535122394562e-03
0.000000000000000000e+00
0.000000000000000000e+00
0.000000000000000000e+00
0.000000000000000000e+00
0.000000000000000000e+00
0.000000000000000000e+00
5.364504642784595490e-03
0.000000000000000000e+00
2.166702324757352471e-05
3.620804345700889826e-04
8.016780018806457520e-03
0.000000000000000000e+00
0.000000000000000000e+00
6.022375542670488358e-03
0.000000000000000000e+00
3.651866922155022621e-03
0.000000000000000000e+00
0.000000000000000000e+00
6.190746091306209564e-03
3.315512090921401978e-03
8.981066755950450897e-03
8.291574195027351379e-04
0.000000000000000000e+00
1.574853248894214630e-02
0.000000000000000000e+00
1.540150586515665054e-02
0.000000000000000000e+00
0.000000000000000000e+00
8.311789482831954956e-03
2.658981364220380783e-03
0.000000000000000000e+00
0.000000000000000000e+00
0.000000000000000000e+00
6.511759129352867603e-04
0.000000000000000000e+00
0.000000000000000000e+00
1.732956990599632263e-02
1.795268431305885315e-02
0.000000000000000000e+00
2.229130826890468597e-03
0.000000000000000000e+00
0.000000000000000000e+00
0.000000000000000000e+00
0.000000000000000000e+00
0.000000000000000000e+00
8.675205521285533905e-03
0.000000000000000000e+00
0.000000000000000000e+00
0.000000000000000000e+00
0.000000000000000000e+00
0.000000000000000000e+00
0.000000000000000000e+00
0.000000000000000000e+00
0.000000000000000000e+00
0.000000000000000000e+00
0.000000000000000000e+00
0.000000000000000000e+00
0.000000000000000000e+00
0.000000000000000000e+00
2.011088421568274498e-03
6.371274590492248535e-03
0.000000000000000000e+00
1.223049592226743698e-02
5.979930981993675232e-03
7.692336104810237885e-03
0.000000000000000000e+00
0.000000000000000000e+00
3.034592838957905769e-03
0.000000000000000000e+00
5.839648656547069550e-03
8.242858573794364929e-03
1.544715953059494495e-03
0.000000000000000000e+00
3.314993344247341156e-03
1.174097706098109484e-04
2.099946374073624611e-03
6.340789608657360077e-03
1.003389339894056320e-02
0.000000000000000000e+00
0.000000000000000000e+00
0.000000000000000000e+00
1.340693794190883636e-02
0.000000000000000000e+00
0.000000000000000000e+00
9.475705883232876658e-05
5.760361440479755402e-03
9.897230193018913269e-03
0.000000000000000000e+00
1.283311843872070312e-02
0.000000000000000000e+00
0.000000000000000000e+00
1.435643434524536133e-02
0.000000000000000000e+00
1.319912355393171310e-02
4.403987899422645569e-03
0.000000000000000000e+00
2.527263714000582695e-03
0.000000000000000000e+00
0.000000000000000000e+00
1.545202545821666718e-02
0.000000000000000000e+00
1.998458243906497955e-02
2.359304809942841530e-03
9.111738763749599457e-03
0.000000000000000000e+00
4.302799236029386520e-03
1.502811675891280174e-03
3.029788844287395477e-03
0.000000000000000000e+00
1.496002636849880219e-02
0.000000000000000000e+00
8.123434148728847504e-03
2.691272238735109568e-04
0.000000000000000000e+00
0.000000000000000000e+00
1.338221482001245022e-04
0.000000000000000000e+00
0.000000000000000000e+00
0.000000000000000000e+00
3.611217020079493523e-03
7.751071359962224960e-03
3.435847116634249687e-03
1.790442876517772675e-02
0.000000000000000000e+00
4.574242630042135715e-04
2.417252631857991219e-03
3.642921335995197296e-03
0.000000000000000000e+00
1.285339356400072575e-03
0.000000000000000000e+00
1.709912903606891632e-03
0.000000000000000000e+00
0.000000000000000000e+00
0.000000000000000000e+00
2.923491876572370529e-03
0.000000000000000000e+00
5.844371858984231949e-03
0.000000000000000000e+00
3.092314349487423897e-03
7.124014198780059814e-03
6.963199470192193985e-03
0.000000000000000000e+00
0.000000000000000000e+00
0.000000000000000000e+00
0.000000000000000000e+00
1.250942237675189972e-02
0.000000000000000000e+00
0.000000000000000000e+00
2.606483409181237221e-03
1.921436516568064690e-03
1.618261821568012238e-02
4.546613898128271103e-03
0.000000000000000000e+00
8.386364206671714783e-03
0.000000000000000000e+00
0.000000000000000000e+00
0.000000000000000000e+00
1.842413097620010376e-02
0.000000000000000000e+00
0.000000000000000000e+00
7.658738642930984497e-03
0.000000000000000000e+00
2.258810680359601974e-03
0.000000000000000000e+00
0.000000000000000000e+00
0.000000000000000000e+00
5.286451429128646851e-03
1.111249532550573349e-02
6.234671920537948608e-03
0.000000000000000000e+00
0.000000000000000000e+00
8.869471028447151184e-03
0.000000000000000000e+00
0.000000000000000000e+00
7.001100108027458191e-03
0.000000000000000000e+00
0.000000000000000000e+00
1.097100973129272461e-02
0.000000000000000000e+00
0.000000000000000000e+00
0.000000000000000000e+00
7.625194266438484192e-04
8.167969994246959686e-03
0.000000000000000000e+00
