0.000000000000000000e+00
1.876953407190740108e-03
5.205052904784679413e-03
0.000000000000000000e+00
0.000000000000000000e+00
0.000000000000000000e+00
0.000000000000000000e+00
0.000000000000000000e+00
0.000000000000000000e+00
3.917290829122066498e-03
6.601006607525050640e-04
5.085919983685016632e-03
4.032960161566734314e-03
0.000000000000000000e+00
1.391863566823303699e-03
0.000000000000000000e+00
2.264381386339664459e-03
0.000000000000000000e+00
1.452249567955732346e-02
0.000000000000000000e+00
1.368674449622631073e-02
0.000000000000000000e+00
0.000000000000000000e+00
1.374939922243356705e-02
0.000000000000000000e+00
3.114774823188781738e-03
5.617888178676366806e-03
9.985124692320823669e-03
4.092381335794925690e-03
0.000000000000000000e+00
2.641041763126850128e-03
5.404416937381029129e-03
0.000000000000000000e+00
0.000000000000000000e+00
0.000000000000000000e+00
0.000000000000000000e+00
0.000000000000000000e+00
0.000000000000000000e+00
7.703041192144155502e-03
1.196310948580503464e-02
0.000000000000000000e+00
0.000000000000000000e+00
2.081012167036533356e-02
0.000000000000000000e+00
0.000000000000000000e+00
1.919091795571148396e-03
1.003232132643461227e-02
0.000000000000000000e+00
1.507636159658432007e-03
9.021752513945102692e-03
0.000000000000000000e+00
2.380025107413530350e-03
1.107388734817504883e-02
0.000000000000000000e+00
0.000000000000000000e+00
4.853675141930580139e-03
0.000000000000000000e+00
2.092725364491343498e-03
1.096869260072708130e-02
1.627354323863983154e-02
0.000000000000000000e+00
0.000000000000000000e+00
0.000000000000000000e+00
0.000000000000000000e+00
0.000000000000000000e+00
7.194899022579193115e-03
2.283438108861446381e-03
5.193335469812154770e-03
0.000000000000000000e+00
0.000000000000000000e+00
8.250819519162178040e-04
1.241595949977636337e-02
1.268558762967586517e-02
7.858052849769592285e-03
1.651887083426117897e-03
2.350246161222457886e-02
8.988546207547187805e-03
7.057020906358957291e-03
0.000000000000000000e+00
2.088322304189205170e-03
0.000000000000000000e+00
0.000000000000000000e+00
0.000000000000000000e+00
1.825536601245403290e-02
0.000000000000000000e+00
0.000000000000000000e+00
1.023855409584939480e-03
0.000000000000000000e+00
8.765752427279949188e-03
0.000000000000000000e+00
0.000000000000000000e+00
0.000000000000000000e+00
0.000000000000000000e+00
0.000000000000000000e+00
0.000000000000000000e+00
7.888867519795894623e-03
2.551020821556448936e-03
6.108528468757867813e-03
0.000000000000000000e+00
1.162787899374961853e-02
2.507974626496434212e-03
0.000000000000000000e+00
0.000000000000000000e+00
3.731953911483287811e-03
0.000000000000000000e+00
0.000000000000000000e+00
2.862711204215884209e-03
8.341907523572444916e-03
0.000000000000000000e+00
1.243500970304012299e-02
7.649582810699939728e-03
3.266925632487982512e-04
0.000000000000000000e+00
1.104983873665332794e-02
0.000000000000000000e+00
1.990870572626590729e-03
1.383361034095287323e-02
0.000000000000000000e+00
2.874236321076750755e-03
1.110657249228097498e-04
5.422912072390317917e-03
7.079825736582279205e-03
0.000000000000000000e+00
6.751416251063346863e-03
0.000000000000000000e+00
0.000000000000000000e+00
3.205368760973215103e-03
0.000000000000000000e+00
8.832794614136219025e-03
0.000000000000000000e+00
4.968848545104265213e-03
0.000000000000000000e+00
1.011508516967296600e-03
0.000000000000000000e+00
1.046644337475299835e-02
3.965529613196849823e-03
0.000000000000000000e+00
8.138857781887054443e-03
1.641476294025778770e-03
0.000000000000000000e+00
0.000000000000000000e+00
0.000000000000000000e+00
0.000000000000000000e+00
0.000000000000000000e+00
4.765975972986780107e-05
0.000000000000000000e+00
0.000000000000000000e+00
0.000000000000000000e+00
0.000000000000000000e+00
0.000000000000000000e+00
0.000000000000000000e+00
1.219002157449722290e-02
0.000000000000000000e+00
3.276944393292069435e-03
0.000000000000000000e+00
5.928348400630056858e-04
0.000000000000000000e+00
7.170229800976812840e-04
0.000000000000000000e+00
2.401488367468118668e-03
0.000000000000000000e+00
0.000000000000000000e+00
2.860858803614974022e-03
3.776547266170382500e-03
2.758070360869169235e-03
0.000000000000000000e+00
1.424930524080991745e-02
0.000000000000000000e+00
1.484183827415108681e-03
0.000000000000000000e+00
7.985359057784080505e-03
0.000000000000000000e+00
0.000000000000000000e+00
0.000000000000000000e+00
1.469255075789988041e-03
0.000000000000000000e+00
8.950672112405300140e-03
0.000000000000000000e+00
2.867759205400943756e-03
1.631265156902372837e-03
1.591199450194835663e-02
0.000000000000000000e+00
1.383308134973049164e-02
0.000000000000000000e+00
0.000000000000000000e+00
0.000000000000000000e+00
0.000000000000000000e+00
0.000000000000000000e+00
8.183990605175495148e-03
5.840667290613055229e-04
1.279602991417050362e-03
1.386266294866800308e-02
1.867614919319748878e-03
5.594746209681034088e-03
8.377044578082859516e-04
0.000000000000000000e+00
1.689801574684679508e-03
0.000000000000000000e+00
0.000000000000000000e+00
9.018719196319580078e-03
0.000000000000000000e+00
0.000000000000000000e+00
8.000671863555908203e-03
0.000000000000000000e+00
9.235961362719535828e-03
0.000000000000000000e+00
1.660580863244831562e-03
2.649419708177447319e-03
2.070826245471835136e-03
5.769493523985147476e-03
0.000000000000000000e+00
3.674250794574618340e-03
4.536532331258058548e-03
0.000000000000000000e+00
0.000000000000000000e+00
1.287166867405176163e-02
0.000000000000000000e+00
0.000000000000000000e+00
8.875412866473197937e-03
2.346607856452465057e-03
5.362836644053459167e-03
1.379146240651607513e-02
0.000000000000000000e+00
0.000000000000000000e+00
0.000000000000000000e+00
1.395471859723329544e-03
0.000000000000000000e+00
2.680296078324317932e-03
0.000000000000000000e+00
0.000000000000000000e+00
0.000000000000000000e+00
0.000000000000000000e+00
0.000000000000000000e+00
0.000000000000000000e+00
6.048196461051702499e-03
4.212747327983379364e-03
0.000000000000000000e+00
5.706686060875654221e-03
9.625977254472672939e-04
1.109179388731718063e-02
0.000000000000000000e+00
0.000000000000000000e+00
6.771520711481571198e-03
0.000000000000000000e+00
2.556324936449527740e-03
1.363077573478221893e-02
7.723176386207342148e-03
1.859963871538639069e-03
0.000000000000000000e+00
7.943292148411273956e-03
0.000000000000000000e+00
0.000000000000000000e+00
2.276380779221653938e-03
0.000000000000000000e+00
0.000000000000000000e+00
8.030683733522891998e-03
