2.933272160589694977e-03
2.045645611360669136e-03
2.679998287931084633e-03
1.597918011248111725e-02
1.338515779934823513e-03
0.000000000000000000e+00
9.718730114400386810e-03
1.237355289049446583e-03
0.000000000000000000e+00
3.099221270531415939e-03
6.782504264265298843e-03
2.022763155400753021e-02
3.014880348928272724e-04
5.231000017374753952e-03
1.926576835103332996e-03
3.871546592563390732e-03
1.588258426636457443e-03
0.000000000000000000e+00
1.001810468733310699e-02
1.091578602790832520e-02
0.000000000000000000e+00
0.000000000000000000e+00
0.000000000000000000e+00
0.000000000000000000e+00
3.217888297513127327e-03
7.890193723142147064e-03
2.470347564667463303e-03
0.000000000000000000e+00
0.000000000000000000e+00
0.000000000000000000e+00
0.000000000000000000e+00
1.105488699977286160e-04
3.594982903450727463e-03
1.183284632861614227e-02
0.000000000000000000e+00
1.189483515918254852e-02
7.019506767392158508e-03
0.000000000000000000e+00
0.000000000000000000e+00
1.325569115579128265e-02
2.282969886437058449e-03
0.000000000000000000e+00
6.598983891308307648e-03
7.625496480613946915e-03
0.000000000000000000e+00
2.843758091330528259e-03
1.226612832397222519e-03
3.010459244251251221e-03
0.000000000000000000e+00
3.756532212719321251e-03
8.633576333522796631e-03
5.691344849765300751e-04
6.037889514118432999e-03
1.644607074558734894e-02
0.000000000000000000e+00
0.000000000000000000e+00
0.000000000000000000e+00
0.000000000000000000e+00
0.000000000000000000e+00
1.140534877777099609e-03
0.000000000000000000e+00
9.915169328451156616e-03
1.644601114094257355e-03
6.990619935095310211e-03
0.000000000000000000e+00
1.547631341964006424e-02
0.000000000000000000e+00
0.000000000000000000e+00
0.000000000000000000e+00
0.000000000000000000e+00
5.999967106617987156e-04
5.216980352997779846e-03
0.000000000000000000e+00
0.000000000000000000e+00
0.000000000000000000e+00
8.056308142840862274e-03
0.000000000000000000e+00
5.876209586858749390e-03
1.516062766313552856e-02
6.591490935534238815e-03
1.029509026557207108e-02
4.559811204671859741e-03
2.828276250511407852e-03
2.586268819868564606e-03
1.631392724812030792e-02
0.000000000000000000e+00
0.000000000000000000e+00
0.000000000000000000e+00
0.000000000000000000e+00
0.000000000000000000e+00
9.224510751664638519e-03
5.847234278917312622e-03
2.782112685963511467e-03
0.000000000000000000e+00
2.090852241963148117e-03
5.636422894895076752e-03
0.000000000000000000e+00
0.000000000000000000e+00
6.901449989527463913e-03
1.690733805298805237e-02
1.066138688474893570e-02
3.031456610187888145e-03
0.000000000000000000e+00
0.000000000000000000e+00
1.049000769853591919e-02
0.000000000000000000e+00
0.000000000000000000e+00
1.300061959773302078e-02
0.000000000000000000e+00
5.451156292110681534e-03
4.986826796084642410e-03
1.844552345573902130e-02
2.008932875469326973e-03
1.069078128784894943e-02
0.000000000000000000e+00
5.204770714044570923e-03
2.647029235959053040e-03
0.000000000000000000e+00
0.000000000000000000e+00
0.000000000000000000e+00
3.203220432624220848e-03
0.000000000000000000e+00
0.000000000000000000e+00
0.000000000000000000e+00
0.000000000000000000e+00
6.902038148837164044e-05
0.000000000000000000e+00
7.576206826342968270e-06
0.000000000000000000e+00
0.000000000000000000e+00
0.000000000000000000e+00
0.000000000000000000e+00
1.380649674683809280e-02
6.961766164749860764e-03
0.000000000000000000e+00
1.033191010355949402e-02
0.000000000000000000e+00
2.836867235600948334e-03
0.000000000000000000e+00
0.000000000000000000e+00
1.595640182495117188e-02
1.872126013040542603e-02
1.230556517839431763e-02
6.245476659387350082e-03
0.000000000000000000e+00
0.000000000000000000e+00
8.740891702473163605e-03
0.000000000000000000e+00
5.197151564061641693e-03
7.758697029203176498e-03
0.000000000000000000e+00
1.111778058111667633e-02
0.000000000000000000e+00
0.000000000000000000e+00
3.010001033544540405e-03
1.319500338286161423e-02
2.956636482849717140e-03
7.642355747520923615e-03
7.398441666737198830e-04
3.348944708704948425e-03
0.000000000000000000e+00
7.271697279065847397e-03
0.000000000000000000e+00
3.040766809135675430e-03
7.288167718797922134e-03
0.000000000000000000e+00
3.991099074482917786e-03
1.280051073990762234e-04
3.523140912875533104e-03
1.284676371142268181e-03
4.979621153324842453e-03
0.000000000000000000e+00
3.935948014259338379e-03
0.000000000000000000e+00
0.000000000000000000e+00
0.000000000000000000e+00
5.278442520648241043e-03
3.837469266727566719e-03
0.000000000000000000e+00
7.413455750793218613e-03
1.296879258006811142e-02
1.582047552801668644e-03
0.000000000000000000e+00
0.000000000000000000e+00
0.000000000000000000e+00
0.000000000000000000e+00
0.000000000000000000e+00
0.000000000000000000e+00
0.000000000000000000e+00
1.467673294246196747e-02
0.000000000000000000e+00
0.000000000000000000e+00
1.292769797146320343e-03
1.169217471033334732e-02
4.720702767372131348e-03
0.000000000000000000e+00
0.000000000000000000e+00
3.745174966752529144e-03
6.600460503250360489e-03
0.000000000000000000e+00
0.000000000000000000e+00
0.000000000000000000e+00
2.368938177824020386e-03
0.000000000000000000e+00
2.992701716721057892e-03
0.000000000000000000e+00
1.341338455677032471e-02
0.000000000000000000e+00
3.673433791846036911e-03
1.664438284933567047e-02
0.000000000000000000e+00
0.000000000000000000e+00
0.000000000000000000e+00
0.000000000000000000e+00
0.000000000000000000e+00
2.771235071122646332e-03
0.000000000000000000e+00
3.306968603283166885e-03
0.000000000000000000e+00
0.000000000000000000e+00
0.000000000000000000e+00
9.366420097649097443e-03
0.000000000000000000e+00
0.000000000000000000e+00
1.415091659873723984e-02
0.000000000000000000e+00
1.180991530418395996e-02
0.000000000000000000e+00
4.867219366133213043e-03
1.187099795788526535e-02
0.000000000000000000e+00
1.034939568489789963e-02
8.811556617729365826e-04
1.853179419413208961e-03
0.000000000000000000e+00
1.990439603105187416e-03
0.000000000000000000e+00
1.160381548106670380e-02
3.453755984082818031e-03
8.608878590166568756e-03
0.000000000000000000e+00
1.123379450291395187e-02
7.996221072971820831e-03
0.000000000000000000e+00
0.000000000000000000e+00
0.000000000000000000e+00
1.663429779000580311e-03
2.385567314922809601e-02
0.000000000000000000e+00
0.000000000000000000e+00
4.986869753338396549e-04
0.000000000000000000e+00
0.000000000000000000e+00
6.070759613066911697e-03
0.000000000000000000e+00
1.467819791287183762e-02
