4.084206186234951019e-03
3.007982857525348663e-03
4.275267012417316437e-03
1.372848730534315109e-02
0.000000000000000000e+00
0.000000000000000000e+00
4.478759132325649261e-03
0.000000000000000000e+00
0.000000000000000000e+00
0.000000000000000000e+00
8.594971150159835815e-03
1.874510385096073151e-02
9.113530395552515984e-04
5.336950998753309250e-03
0.000000000000000000e+00
1.043851661961525679e-04
0.000000000000000000e+00
0.000000000000000000e+00
3.309950465336441994e-03
9.274319745600223541e-03
0.000000000000000000e+00
0.000000000000000000e+00
0.000000000000000000e+00
0.000000000000000000e+00
4.124446772038936615e-03
4.563365131616592407e-03
3.194955177605152130e-03
0.000000000000000000e+00
7.040775963105261326e-04
0.000000000000000000e+00
0.000000000000000000e+00
0.000000000000000000e+00
4.070463590323925018e-03
1.671162433922290802e-02
0.000000000000000000e+00
1.136496476829051971e-02
1.137543376535177231e-02
0.000000000000000000e+00
0.000000000000000000e+00
8.885122835636138916e-03
0.000000000000000000e+00
0.000000000000000000e+00
9.428622201085090637e-03
2.381024882197380066e-03
0.000000000000000000e+00
5.324710626155138016e-03
0.000000000000000000e+00
4.407634027302265167e-03
0.000000000000000000e+00
2.148321364074945450e-03
7.203514222055673599e-03
2.288175455760210752e-04
3.654422238469123840e-03
1.450113765895366669e-02
0.000000000000000000e+00
0.000000000000000000e+00
1.923475181683897972e-03
0.000000000000000000e+00
0.000000000000000000e+00
1.318033086135983467e-03
0.000000000000000000e+00
8.858412504196166992e-03
0.000000000000000000e+00
4.755667876452207565e-03
1.511141192167997360e-03
1.328148227185010910e-02
0.000000000000000000e+00
0.000000000000000000e+00
0.000000000000000000e+00
0.000000000000000000e+00
0.000000000000000000e+00
1.171311177313327789e-02
0.000000000000000000e+00
0.000000000000000000e+00
0.000000000000000000e+00
1.347593683749437332e-02
0.000000000000000000e+00
5.649462342262268066e-03
1.642654649913311005e-02
5.671910941600799561e-03
7.716225460171699524e-03
3.455161117017269135e-03
2.659376710653305054e-03
1.565103884786367416e-03
1.077367924153804779e-02
0.000000000000000000e+00
0.000000000000000000e+00
0.000000000000000000e+00
0.000000000000000000e+00
0.000000000000000000e+00
1.035220734775066376e-02
6.008337717503309250e-03
9.697983041405677795e-03
3.455544821918010712e-03
6.268593482673168182e-03
6.453963927924633026e-03
0.000000000000000000e+00
0.000000000000000000e+00
9.074068628251552582e-03
1.115598995238542557e-02
1.149705704301595688e-02
3.755536628887057304e-03
0.000000000000000000e+00
0.000000000000000000e+00
4.180869553238153458e-03
0.000000000000000000e+00
0.000000000000000000e+00
1.375882327556610107e-02
0.000000000000000000e+00
8.599479682743549347e-03
1.807479129638522863e-04
1.703973673284053802e-02
2.358841993554960936e-05
9.858997538685798645e-03
0.000000000000000000e+00
4.086301487404853106e-04
0.000000000000000000e+00
0.000000000000000000e+00
0.000000000000000000e+00
0.000000000000000000e+00
3.427536459639668465e-03
0.000000000000000000e+00
0.000000000000000000e+00
0.000000000000000000e+00
0.000000000000000000e+00
3.284759353846311569e-03
1.251540612429380417e-03
0.000000000000000000e+00
0.000000000000000000e+00
0.000000000000000000e+00
0.000000000000000000e+00
0.000000000000000000e+00
1.026038918644189835e-02
1.156780403107404709e-02
0.000000000000000000e+00
8.535716682672500610e-03
0.000000000000000000e+00
0.000000000000000000e+00
0.000000000000000000e+00
1.347977202385663986e-03
1.583720184862613678e-02
1.544011384248733521e-02
1.053912565112113953e-02
1.289472100324928761e-03
0.000000000000000000e+00
0.000000000000000000e+00
9.819206781685352325e-03
0.000000000000000000e+00
7.841715589165687561e-03
1.280429773032665253e-02
0.000000000000000000e+00
1.048797834664583206e-02
1.226096181198954582e-03
0.000000000000000000e+00
0.000000000000000000e+00
1.280416641384363174e-02
1.296720933169126511e-03
2.365646883845329285e-03
6.322680506855249405e-03
3.927842713892459869e-03
8.168191416189074516e-04
9.138295426964759827e-03
0.000000000000000000e+00
1.818970544263720512e-03
1.100654434412717819e-02
0.000000000000000000e+00
5.601221695542335510e-03
1.018188195303082466e-03
3.944195806980133057e-03
2.783936681225895882e-03
1.075276173651218414e-03
0.000000000000000000e+00
1.442779554054141045e-03
0.000000000000000000e+00
1.626733574084937572e-04
0.000000000000000000e+00
8.749216794967651367e-03
7.895342074334621429e-03
0.000000000000000000e+00
1.057696063071489334e-02
1.353112980723381042e-02
2.597889862954616547e-03
2.060675062239170074e-03
0.000000000000000000e+00
0.000000000000000000e+00
0.000000000000000000e+00
9.315982606494799256e-05
0.000000000000000000e+00
0.000000000000000000e+00
1.132955588400363922e-02
0.000000000000000000e+00
0.000000000000000000e+00
0.000000000000000000e+00
1.181439403444528580e-02
1.110540470108389854e-03
0.000000000000000000e+00
0.000000000000000000e+00
6.782720331102609634e-03
1.585118658840656281e-02
3.936992958188056946e-03
0.000000000000000000e+00
0.000000000000000000e+00
5.523781757801771164e-03
0.000000000000000000e+00
8.139156736433506012e-03
0.000000000000000000e+00
1.075068395584821701e-02
0.000000000000000000e+00
0.000000000000000000e+00
1.505805924534797668e-02
0.000000000000000000e+00
0.000000000000000000e+00
0.000000000000000000e+00
0.000000000000000000e+00
0.000000000000000000e+00
5.543433595448732376e-03
0.000000000000000000e+00
1.600042916834354401e-03
0.000000000000000000e+00
0.000000000000000000e+00
0.000000000000000000e+00
9.050588123500347137e-03
0.000000000000000000e+00
0.000000000000000000e+00
1.279230229556560516e-02
0.000000000000000000e+00
1.371539384126663208e-02
0.000000000000000000e+00
2.626694971695542336e-03
8.111965842545032501e-03
0.000000000000000000e+00
7.175416219979524612e-03
1.117201521992683411e-03
4.755580812343396246e-05
0.000000000000000000e+00
2.044727298198267817e-04
0.000000000000000000e+00
1.153462752699851990e-02
6.046098656952381134e-03
1.165826618671417236e-02
1.930067548528313637e-03
6.697252392768859863e-03
1.040937099605798721e-02
1.978748943656682968e-03
0.000000000000000000e+00
0.000000000000000000e+00
2.501237904652953148e-03
2.380792796611785889e-02
0.000000000000000000e+00
0.000000000000000000e+00
7.224958389997482300e-03
0.000000000000000000e+00
0.000000000000000000e+00
4.321509040892124176e-03
0.000000000000000000e+00
1.448728144168853760e-02
