0.000000000000000000e+00
2.385735977441072464e-03
8.408653666265308857e-04
0.000000000000000000e+00
0.000000000000000000e+00
0.000000000000000000e+00
0.000000000000000000e+00
0.000000000000000000e+00
0.000000000000000000e+00
6.459249416366219521e-04
0.000000000000000000e+00
9.639865718781948090e-03
7.272026967257261276e-03
0.000000000000000000e+00
8.670018054544925690e-03
0.000000000000000000e+00
3.128485521301627159e-03
0.000000000000000000e+00
1.129254046827554703e-02
0.000000000000000000e+00
1.111494749784469604e-02
0.000000000000000000e+00
0.000000000000000000e+00
1.437988970428705215e-02
0.000000000000000000e+00
0.000000000000000000e+00
4.157145041972398758e-03
8.851082995533943176e-03
9.451422840356826782e-03
0.000000000000000000e+00
0.000000000000000000e+00
4.562239162623882294e-03
0.000000000000000000e+00
0.000000000000000000e+00
0.000000000000000000e+00
0.000000000000000000e+00
0.000000000000000000e+00
0.000000000000000000e+00
4.441295750439167023e-03
9.645291604101657867e-03
0.000000000000000000e+00
1.148938899859786034e-03
1.901259273290634155e-02
0.000000000000000000e+00
0.000000000000000000e+00
3.554658265784382820e-03
7.502909284085035324e-03
0.000000000000000000e+00
0.000000000000000000e+00
9.255634620785713196e-03
0.000000000000000000e+00
7.057307288050651550e-03
8.477966301143169403e-03
0.000000000000000000e+00
0.000000000000000000e+00
1.976261381059885025e-03
0.000000000000000000e+00
0.000000000000000000e+00
8.533547632396221161e-03
1.214629039168357849e-02
0.000000000000000000e+00
0.000000000000000000e+00
0.000000000000000000e+00
0.000000000000000000e+00
0.000000000000000000e+00
6.914709694683551788e-03
2.574000740423798561e-03
6.989068817347288132e-03
0.000000000000000000e+00
7.836915901862084866e-04
0.000000000000000000e+00
1.161372102797031403e-02
1.182359457015991211e-02
6.697372999042272568e-03
0.000000000000000000e+00
2.141602151095867157e-02
5.083475727587938309e-03
7.712139282375574112e-03
0.000000000000000000e+00
1.009840616461588070e-05
0.000000000000000000e+00
6.761619006283581257e-04
3.517035802360624075e-04
1.833209209144115448e-02
0.000000000000000000e+00
0.000000000000000000e+00
1.786706503480672836e-03
0.000000000000000000e+00
9.228080511093139648e-03
0.000000000000000000e+00
2.530647907406091690e-03
0.000000000000000000e+00
0.000000000000000000e+00
0.000000000000000000e+00
0.000000000000000000e+00
4.581247456371784210e-03
2.981337253004312515e-03
5.609066691249608994e-03
0.000000000000000000e+00
1.034570951014757156e-02
0.000000000000000000e+00
0.000000000000000000e+00
0.000000000000000000e+00
6.519618909806013107e-03
0.000000000000000000e+00
0.000000000000000000e+00
2.878960222005844116e-03
1.122723706066608429e-02
0.000000000000000000e+00
1.041279640048742294e-02
8.664969354867935181e-03
0.000000000000000000e+00
0.000000000000000000e+00
1.262667961418628693e-02
0.000000000000000000e+00
7.972876774147152901e-04
1.325814425945281982e-02
0.000000000000000000e+00
6.200795061886310577e-03
0.000000000000000000e+00
6.469244603067636490e-03
6.138835567981004715e-03
0.000000000000000000e+00
9.008280932903289795e-03
0.000000000000000000e+00
0.000000000000000000e+00
9.754230850376188755e-04
1.780880702426657081e-04
3.017785726115107536e-03
0.000000000000000000e+00
2.273630816489458084e-03
2.028047572821378708e-03
2.773844636976718903e-03
0.000000000000000000e+00
1.211263425648212433e-02
5.170078948140144348e-03
0.000000000000000000e+00
8.385652676224708557e-03
2.899229992181062698e-03
4.667163375415839255e-05
0.000000000000000000e+00
0.000000000000000000e+00
0.000000000000000000e+00
0.000000000000000000e+00
1.849003019742667675e-03
0.000000000000000000e+00
1.836338080465793610e-03
0.000000000000000000e+00
0.000000000000000000e+00
4.942186642438173294e-04
0.000000000000000000e+00
1.218417938798666000e-02
0.000000000000000000e+00
2.394241280853748322e-03
0.000000000000000000e+00
0.000000000000000000e+00
0.000000000000000000e+00
0.000000000000000000e+00
0.000000000000000000e+00
2.492806641384959221e-03
0.000000000000000000e+00
0.000000000000000000e+00
2.325181383639574051e-03
6.886606570333242416e-03
3.664715215563774109e-03
0.000000000000000000e+00
1.752321608364582062e-02
0.000000000000000000e+00
0.000000000000000000e+00
0.000000000000000000e+00
6.837308872491121292e-03
0.000000000000000000e+00
0.000000000000000000e+00
0.000000000000000000e+00
3.792726900428533554e-03
0.000000000000000000e+00
1.042925007641315460e-02
0.000000000000000000e+00
1.706689130514860153e-03
0.000000000000000000e+00
1.536075025796890259e-02
0.000000000000000000e+00
1.122935209423303604e-02
0.000000000000000000e+00
0.000000000000000000e+00
0.000000000000000000e+00
0.000000000000000000e+00
0.000000000000000000e+00
1.028044614940881729e-02
2.496473607607185841e-04
1.287199091166257858e-03
1.618201471865177155e-02
2.032335149124264717e-03
1.079020556062459946e-02
0.000000000000000000e+00
0.000000000000000000e+00
0.000000000000000000e+00
0.000000000000000000e+00
0.000000000000000000e+00
1.066496782004833221e-02
0.000000000000000000e+00
0.000000000000000000e+00
2.967923413962125778e-03
0.000000000000000000e+00
1.003870274871587753e-02
0.000000000000000000e+00
1.840287470258772373e-03
2.522616880014538765e-03
1.081523951143026352e-03
3.482307773083448410e-03
0.000000000000000000e+00
0.000000000000000000e+00
2.400953089818358421e-03
0.000000000000000000e+00
2.580923261120915413e-03
1.235864497721195221e-02
0.000000000000000000e+00
0.000000000000000000e+00
1.272093877196311951e-02
4.164243116974830627e-03
5.240923259407281876e-03
1.352652814239263535e-02
0.000000000000000000e+00
0.000000000000000000e+00
0.000000000000000000e+00
1.014407724142074585e-03
0.000000000000000000e+00
3.707463387399911880e-03
0.000000000000000000e+00
0.000000000000000000e+00
0.000000000000000000e+00
8.119901758618652821e-04
1.435657904949039221e-04
0.000000000000000000e+00
7.882659323513507843e-03
3.260016441345214844e-03
0.000000000000000000e+00
6.983139086514711380e-03
0.000000000000000000e+00
1.381119061261415482e-02
0.000000000000000000e+00
0.000000000000000000e+00
3.260426921769976616e-03
0.000000000000000000e+00
3.561607562005519867e-03
9.110485203564167023e-03
1.044594775885343552e-02
5.545054096728563309e-03
0.000000000000000000e+00
8.531330153346061707e-03
0.000000000000000000e+00
0.000000000000000000e+00
0.000000000000000000e+00
0.000000000000000000e+00
0.000000000000000000e+00
6.363360676914453506e-03
